528.0011310299932, 269.0004653408139
530.9843268569088, 265.69500969763584
532.0361059692062, 261.54736125841754
528.8670382520617, 258.98739683932024
524.3177272009141, 259.0006538774776
519.7767218314693, 259.00020472031593
515.2352595277582, 258.99927838247993
510.69378481992277, 259.0023320344451
506.40564683134477, 259.61365300666586
502.84842349752216, 261.99012503595816
499.4305264601587, 264.7032624618001
495.4469368520413, 266.0505896774097
490.9299818343142, 266.1112342449706
487.33203157917626, 268.55694831790146
484.42737289007107, 271.05020475001345
480.33021110512345, 270.0156409889732
476.2295203229578, 271.0645105057061
472.3486835891967, 272.6603390749096
468.8387733769296, 275.1513259579082
465.6218899435869, 278.34974557188673
462.10695100770863, 280.8285955425014
458.29785331305897, 282.5972834478742
454.8203936778474, 285.1666164537885
451.608856195805, 288.37794232842344
448.0914536021822, 290.8508445024222
444.89279001408437, 294.0932507064182
441.39513063644415, 296.61381722020707
437.8326890216902, 298.9779855785569
434.07979200640426, 300.8823539259139
430.5910616457573, 303.4244769936273
427.1275132787881, 306.02739477200487
423.8104644366199, 308.9839936900391
420.1143105160747, 311.0253519862898
416.8162530283538, 314.0278000897981
413.07655982209866, 315.9640452519931
409.3835103804843, 318.01289842338366
405.76194898520214, 320.23433900577646
402.3671035580204, 323.0031203531773
399.04762642356843, 325.9538568551782
395.85600677070255, 329.21326860853964
392.0718236112878, 331.0421056457768
388.3317139561573, 332.97737142536226
384.20524808995253, 333.9783189263498
380.5703447752014, 336.3220335105796
377.82214632175794, 339.1146389884583
374.67031347267476, 342.4396250765983
371.1515483054177, 344.9098522505853
367.4754033384307, 346.9995233348935
363.8078927377226, 349.11003248508615
360.2948331777491, 351.59341967871404
356.7418686692961, 353.98046776445227
353.31631814408524, 356.6751202461604
349.83526276176195, 359.23578699158134
346.3165541238883, 361.7044835396276
343.10614657499684, 364.905568233533
340.711107335072, 368.5174273107711
336.29923945755047, 368.9996224417241
331.7564781360458, 368.999325879299
327.21538568476774, 369.00096260429007
322.6533815024864, 369.04826624875386
318.94164139716304, 367.0449545739437
314.41679792060194, 367.00421076409015
309.87740609451515, 366.9986089538776
305.7598604994137, 365.9745795786267
301.40837614672716, 365.5153192268289
297.9175253009415, 362.9780230520516
293.79345059096903, 361.9877054865819
289.6616721259526, 363.00879051520997
285.59506518624, 361.6829385386163
283.1458626017676, 358.16977829075626
279.5134727217952, 355.99955892199296
274.97796328734063, 356.0143116999526
270.8604836269164, 357.01580985445173
267.1031460427629, 355.0636733700194
262.5899352132547, 355.00572142849154
258.0479832546408, 354.9961435215613
253.50406134682984, 354.9980924972325
248.96906562063475, 355.01012681522855
244.5581464477785, 355.32873052314943
240.7645098097019, 357.1384728730829
237.95005166252943, 360.57102382262883
238.07598806998743, 365.10015794736927
241.27321291529884, 368.3756424133348
244.8018153181414, 370.82568403165715
248.04559610246318, 373.959077674464
251.48644395187736, 376.616800214717
255.05040195399056, 378.977335622301
258.7502295790518, 381.00790420533593
262.06870052188845, 384.0220324537009
264.6443470367719, 387.4997917324467
267.05591749513206, 391.04255620841303
270.2578037121503, 394.25800131487335
273.46966319863185, 397.46931797698653
276.68055522698387, 400.68103469876326
279.89284151689446, 403.89217483697803
283.10511884634235, 407.10331731501213
286.38538735219777, 410.286342508114
288.0246055691784, 414.14954988712054
287.49520170889707, 418.49199850164723
284.997360168572, 421.99890598428004

310.0087921271972, 404.00355640847846
309.8079748962993, 404.1990414925025
309.60465749652354, 404.3933600342299
309.39989746991546, 404.58696904084354
309.1947523585207, 404.7803255195265
308.9902797043853, 404.97388647746226
308.7875370495549, 405.1681089218335
308.5875819360751, 405.3634498598234
308.3914719059917, 405.560366298615
308.2002645013506, 405.75931524539163
308.01501726419735, 405.96075370733604
307.83678773657783, 406.16513869163157
307.6666334605378, 406.3729272054613
307.5056119781229, 406.5845762560081
307.3547808313789, 406.8005428504552
307.2151975623515, 407.0212839959857
307.0875524170279, 407.24709890058136
306.96941988890194, 407.4769481701784
306.85680392303476, 407.70911766541553
306.74569645841467, 407.94188808883433
306.6320894340298, 408.1735401429763
306.5119747888683, 408.40235453038304
306.3813444619184, 408.626611953596
306.2361903921682, 408.8445931151568
306.0725054048225, 409.0545791066119
305.88816280591374, 409.2556764571913
305.68688653587475, 409.4495598340371
305.473535078221, 409.63840191235397
305.25296691646764, 409.8243753673466
305.0300405340964, 410.0096528742037
304.8088751123024, 410.1960655813586
304.5906641370898, 410.3840930883502
304.3758774653757, 410.5738807083246
304.16498495407734, 410.76557375442803
303.95845646011173, 410.95931753980636
303.75676184039634, 411.15525737760584
303.560370951848, 411.3535385809724
303.3697536513839, 411.5543064630522
303.18537979592145, 411.7577063369914
303.0077192423777, 411.9638835159361
302.8372418476697, 412.17298331303226
302.6744174687147, 412.385151041426
302.51971596242987, 412.6005320142634
302.37360718573245, 412.8192715446908
302.2365609955394, 413.041514945854
302.1087124444308, 413.267186116097
301.98738983100685, 413.494352774473
301.8685205219424, 413.7201561673743
301.7480215634115, 413.94173071597834
301.6218100015884, 414.15621084146255
301.48580288264685, 414.36073096500377
301.33591725276074, 414.55242550777945
301.16807015810423, 414.72842889096677
300.97817989554517, 414.8858763975013
300.764530814173, 415.02353357750206
300.53269168017783, 415.14518512058214
300.28962859362497, 415.2555785131774
300.04216317043097, 415.3593526088307
299.7937187776762, 415.4585912292371
299.54427827258075, 415.5527913895665
299.29367157560677, 415.64133511685594
299.0417286072161, 415.7236044381421
298.78827928787086, 415.79898138046246
298.5331535380328, 415.86684797085354
298.27618127816413, 415.92658623635276
298.01719242872673, 415.97757820399687
297.7560169101826, 416.019205900823
297.49248464299365, 416.0508513538682
297.22642554762194, 416.0718965901694
296.957670281471, 416.0817294344119
296.6861601940447, 416.08060854539355
296.4120642902043, 416.07058358642144
296.13557959126314, 416.0539246311322
295.85690311853466, 416.0329017531628
295.57623189333253, 416.0097850261499
295.2937629369698, 415.9868445237306
295.0096932707603, 415.96635031954156
294.72421991601715, 415.9505724872196
294.43753989405394, 415.9417811004015
294.14985022618407, 415.9422462327242
293.86136234110876, 415.95413236429306
293.5727091501155, 415.97651487709715
293.28500217055847, 416.00496138993316
292.9993788097627, 416.0348497707989
292.71697647505243, 416.06155788769195
292.4389325737524, 416.08046360860993
292.16638451318704, 416.08694480155026
291.90046970068107, 416.0763793345109
291.64232554355914, 416.04414507548927
291.39308944914563, 415.9856198924828
291.1538988247651, 415.89618165348924
290.9255966824295, 415.7721603950322
290.705685941367, 415.62068908113764
290.489553046758, 415.45574602929554
290.2725508560403, 415.2914181904881
290.0500322266522, 415.14179251569766
289.8173500160314, 415.0209559559064
289.5698570816162, 414.9429954620965
289.3029062808446, 414.9219979852504
289.0118504711544, 414.9720504763501

432.97458728587713, 406.0172990659545
432.8829062909761, 406.3029999724516
432.8972498096102, 406.56468037389214
432.9940686604385, 406.8078544054548
433.1498136621194, 407.0380362023173
433.34093563331174, 407.26073989965806
433.54388539267416, 407.4814796326551
433.7351137588655, 407.70576953648697
433.8910715505443, 407.93912374633163
433.9885296406882, 408.1868844264444
434.0182837213796, 408.44685795436624
433.9903206982671, 408.7065389245662
433.91601277530583, 408.9526775859006
433.805964998418, 409.17334714186137
433.66528882462, 409.3660944227541
433.4967007601205, 409.53259632223353
433.3029073835764, 409.6745468538954
433.08661527364444, 409.7936400313354
432.8505310089817, 409.89156986814936
432.597361168245, 409.970030377933
432.32981233009133, 410.0307155742819
432.0505910731776, 410.075319470792
431.7624039761607, 410.1055360810589
431.46795761769755, 410.12305941867845
431.1699585764451, 410.12958349724624
430.87101679000585, 410.12678704469823
430.57240338028913, 410.1161370292626
430.27441107105057, 410.09894566649496
429.9773102584456, 410.07652164040707
429.68137133862945, 410.0501736350107
429.3868647077578, 410.02121033431774
429.0940607619862, 409.9909404223403
428.8032298974698, 409.96067258309
428.5146425103642, 409.9317155005785
428.2285689968248, 409.90537785881804
427.9452797530071, 409.8829683418203
427.6650451750664, 409.86579563359703
427.3881356591584, 409.85516841816025
427.1148216014381, 409.8523953795216
426.8453733980615, 409.85878520169325
426.5800614451837, 409.87564656868676
426.3191561389601, 409.90428816451407
426.0629278755463, 409.946018673187
425.8116470510977, 410.00214677871753
425.56558406176975, 410.07398116511735
425.3250093037177, 410.16283051639834
425.09019196834765, 410.26999881438513
424.8611367627169, 410.39575774758293
424.63725377298465, 410.5380581746124
424.41787192377757, 410.6945341772846
424.20232013972253, 410.8628198374114
423.9899273454462, 411.0405492368041
423.78002246557514, 411.22535645727436
423.5719344247362, 411.41487558063335
423.3649921475563, 411.606740688693
423.15852455866167, 411.7985858632643
422.95186058267916, 411.988045186159
422.7443291442357, 412.1727527391886
422.53525916795775, 412.35034260416444
422.3239795784722, 412.51844886289814
422.1098193004055, 412.67470559720095
421.8921073093873, 412.8167470974405
421.670663573753, 412.944215380829
421.44700257020907, 413.0636815083351
421.2230040635412, 413.1832102467893
421.0004549644893, 413.3105490378132
420.7787792027659, 413.4453699242664
420.55490407133374, 413.5788127868417
420.325637252594, 413.70160874163963
420.08778642894845, 413.804488904761
419.838252812019, 413.87845656001434
419.57701029180436, 413.92345640896326
419.30772593127097, 413.9501801947724
419.03428573916955, 413.9699567874006
418.7606188562582, 413.9940445353884
418.490918922554, 414.03326932739185
418.2294797877221, 414.09829320792977
417.9805617904702, 414.1996617328477
417.7455644176198, 414.3380581353942
417.520888434276, 414.49693336693167
417.30243112772746, 414.65800272075876
417.0860897852629, 414.80298149017386
416.86777047828355, 414.91362927633173
416.64456233217527, 414.9776731112672
416.41591979232174, 414.9947709141846
416.1815787504271, 414.96600024488123
415.94148883289876, 414.89263683640945
415.6980629857818, 414.77824039378316
415.45529331591763, 414.6278348083635
415.21719780041076, 414.44646795823047
414.9877944163665, 414.2391877214644
414.771101140889, 414.01104197614535
414.57113595108314, 413.7670786003534
414.39191682405357, 413.51234547216853
414.2374617369051, 413.25189046967125
414.1117886667423, 412.9907614709412
414.0189155906699, 412.73400635405875
413.9628604857927, 412.48667299710394
413.9476413292151, 412.25380927815695
413.9772760980421, 412.04046307529785

399.01067512811557, 426.02580965481457
399.26102425822137, 426.0860114256175
399.4874697740751, 426.08851167887366
399.6940200823801, 426.04298925796803
399.8846835898395, 425.95912300628595
400.06346870315656, 425.84659176721266
400.2343838290344, 425.7150743841336
400.40143737417617, 425.57424970043365
400.56863774528546, 425.43379655949855
400.739993349065, 425.3033938047131
400.9195125922184, 425.192720279463
401.11116977684554, 425.1113723815955
401.31604407845686, 425.0619477391069
401.5301560631956, 425.03481513899555
401.74901678742475, 425.01911166333207
401.96813730750773, 425.0039743941877
402.18352638039215, 424.9797468853453
402.39431334463677, 424.94433726566876
402.6008343251264, 424.89857902439036
402.80342805296823, 424.8433119684631
403.00243325926886, 424.77937590483924
403.1981886751355, 424.70761064047167
403.39103303167485, 424.628855982313
403.58130505999384, 424.5439517373154
403.7693434911995, 424.4537377124319
403.95548705639857, 424.3590537146151
404.1400743016919, 424.26073907502854
404.3233461406876, 424.15938203875936
404.50528579003054, 424.0549081194863
404.68583444361184, 423.94713475899465
404.8649332953225, 423.83587939906914
405.04252353905366, 423.72095948149484
405.2185463686966, 423.6021924480568
405.39294297814195, 423.4793957405398
405.5656545612811, 423.35238680072905
405.73662231200507, 423.2209830704092
405.9057874242051, 423.08500199136563
406.07311135005057, 422.94431105420887
406.239221078907, 422.8004219837757
406.40554353546594, 422.6568227746749
406.5735530677233, 422.5171185825416
406.7447240236756, 422.3849145630105
406.9205307513187, 422.26381587171693
407.1024445388928, 422.15742053797226
407.2906850574744, 422.0664115131221
407.48230098886364, 421.9840863584365
407.67384641929016, 421.90259069776164
407.8618754349823, 421.81407015494244
408.0433481471705, 421.71157523459175
408.21915783288847, 421.5969220249279
408.3924056116615, 421.4768470850844
408.5662170690005, 421.3581414999005
408.7437177904161, 421.24759635421583
408.9280333614192, 421.15200273286985
409.12221871647245, 421.0779975975782
409.32717963287695, 421.02752958873936
409.54133354675, 420.9971191057532
409.7629589493744, 420.9829834440671
409.9903343320326, 420.9813398991283
410.2217381860072, 420.9884057663836
410.455449002581, 421.00039834128074
410.68974527303624, 421.0135349192665
410.9229054886559, 421.0240327957882
411.1532081407223, 421.028109266293
411.37893172051815, 421.021981626228
411.598354719326, 421.0018671710406
411.80975562842866, 420.96398319617794
412.01141389830093, 420.90454946047043
412.2021902453004, 420.8212785207821
412.38251151396895, 420.7159050401158
412.5530656521349, 420.59083424289025
412.7145406076271, 420.4484713535248
412.86762432827436, 420.29122159643845
413.0130047619053, 420.12149019605033
413.15136985634854, 419.94168237677974
413.28340755943304, 419.75420336304563
413.40980581898714, 419.5614583792671
413.53125258283984, 419.36585264986337
413.6484357988198, 419.1697913992535
413.76204341475557, 418.9756798518566
413.8727360086155, 418.78580753938195
413.98073872933617, 418.60062343009946
414.0859277736832, 418.4191014675057
414.18816953012123, 418.24017413530004
414.2873303871153, 418.06277391718174
414.3832767331302, 417.8858332968503
414.4758749566312, 417.70828475800533
414.56499144608284, 417.529060784346
414.65049258995026, 417.3470938595718
414.73224477669834, 417.16131646738233
414.8101143947919, 416.97066109147676
414.88366141635663, 416.7741906759426
414.9506479857326, 416.57173361135466
415.0081826196149, 416.3633965780039
415.05337290324695, 416.1492866527582
415.0833264218719, 415.92951091248557
415.0951507607329, 415.70417643405364
415.0859535050732, 415.47339029433033
415.0528422401359, 415.2372595701837
414.99292455116415, 414.99589133848133

532.9965377466202, 261.0084009963217
535.6435783081464, 260.99702170094395
538.2796205952116, 261.0123461395695
540.91942516821, 261.01825899527165
543.166359229881, 261.97172805072114
545.3802067920394, 263.010626893053
547.5036949363811, 264.417244365305
547.9914798545905, 266.841863942498
547.9912359651772, 269.4768940744341
547.8983538446638, 272.0815385474104
546.778071566467, 274.2605124354784
546.000963012198, 276.58100194354137
545.1109933168904, 278.8547138363666
544.724666179951, 281.337044711478
544.0071974226098, 283.6822122340923
543.052833275521, 285.9292545840822
541.9203260121977, 288.1025088757193
540.0349144676987, 289.96388599075607
538.1208751621805, 291.81325381160934
537.035748936475, 294.00619872666067
536.6424791782798, 296.4877129085068
534.6699930094571, 298.3760236855825
532.4937798748659, 299.4325922664662
530.0707119582169, 299.9418170659881
527.8860919147115, 301.03121220698216
525.4910360389305, 301.5377723115883
523.4960952785877, 303.39094320639197
523.0278625627265, 305.82567367748857
521.1617280576756, 307.6906533620885
520.1489893483383, 309.94335069741595
517.9507111830559, 311.0842080998862
515.7723700698124, 312.2101723178165
513.5792387625115, 313.29539093807574
511.74811142983026, 315.2538171548976
509.8805775503251, 317.12439374798623
508.0168919808351, 319.0042658754054
505.8243779117338, 320.0902562519242
503.9621213588436, 321.9736115766208
501.7625665492677, 323.0431229714869
499.332411649049, 323.5580832807012
497.5147416390755, 325.5093596503869
495.9973539250768, 327.51955408724666
494.23623763504116, 328.99980269289097
492.04008671872106, 330.05349333395264
489.79884845856185, 331.02072191989754
487.1446020240933, 330.9917708774899
484.5110130398902, 331.01344161883196
481.84465136637044, 330.9541761531523
479.74267525510004, 332.264726932327
477.8348867710888, 334.1104789965084
476.8249309653271, 336.3920038149447
474.5008244208947, 337.3377829172804
472.7059255838524, 339.3769439246514
470.3070010414139, 339.96785806664496
468.0912871656736, 341.0223099092975
466.9026978727905, 343.1038747273135
465.9996611407206, 345.3577040613189
466.6860402541354, 347.7165810090891
466.9093712201837, 350.26907603336224
468.0526102958961, 352.43839145796625
467.96409737928406, 355.1174256829794
469.00664063952246, 357.327692366244
470.40973777391963, 359.38756423446387
472.2614256450166, 361.273188395944
474.1353958927871, 363.1964695153597
476.00938507998376, 363.04241462471543
478.66713216643024, 363.0560176303323
480.8726333202095, 361.98478583891165
482.06002937694063, 359.92543168002544
483.95339776930405, 358.0680020101744
486.1707720340432, 356.99564236775484
488.80643491401537, 357.03078331114153
491.2658577102771, 357.3499478665545
493.65527925941666, 357.99107898170956
495.9233926692429, 358.90643754792694
498.1026358581448, 360.06116958103536
498.9451219096938, 362.3598475793458
500.0143381813559, 364.5615615964562
501.09199061139896, 366.75752301608617
500.9961068123166, 369.4313281531366
500.9230868054202, 372.0475779259005
499.8413487742153, 374.24190554098936
497.88801153821726, 376.0742381007686
496.05766827455324, 377.96126024477013
494.166351186688, 379.8125901331182
492.35027978892947, 381.789563157429
490.14675822081176, 382.8504496355826
488.016787887812, 384.087967421144
485.52404542638885, 384.4563121206025
483.08628252838935, 384.98329723641154
480.89258741334936, 383.9743058045249
478.4643273489265, 383.5014172016622
477.0039023851355, 381.41204773071536
475.33196329343696, 379.4731720902838
475.0162697285968, 376.964037853804
475.0043557584881, 374.32383630229936
474.06487449788165, 372.07148219182653
473.62765906698354, 369.6034862148202
473.51340143693324, 367.42962862520255
473.9803379111046, 364.99128619441

494.00588458080915, 414.9975625268198
494.1495519970976, 414.59491653706266
494.13275223344687, 414.25873822955174
493.991785038529, 413.97399175607717
493.76295016101545, 413.7256412684279
493.48254734957806, 413.4986509183936
493.1868763528884, 413.27798485776367
492.91223691961824, 413.0486072383275
492.6875825763511, 412.7985251166953
492.5091562273646, 412.5292947328711
492.36409969237866, 412.2462421195139
492.23955441791634, 411.95469346386625
492.12266185050083, 411.6599749531711
492.00056343665517, 411.36741277467087
491.86040062290243, 411.08233311560826
491.69172326475086, 410.8090645675604
491.49602453641586, 410.54698863751634
491.2784929503765, 410.2939561732389
491.04431811524796, 410.047817568456
490.79868963964515, 409.80642321689623
490.5467971321829, 409.56762351228787
490.29383020147645, 409.32926884835894
490.0449784561405, 409.0892096188379
489.80547641727316, 408.8452776140934
489.58104619337485, 408.5951026591792
489.37770881371745, 408.33619076211147
489.201489631346, 408.06604613994085
489.0584139993053, 407.7821730097179
488.9545072706407, 407.4820755884935
488.895794798397, 407.16325809331795
488.8872036036092, 406.82367968525665
488.9200887318768, 406.46692122166843
488.97665164885103, 406.10035509687094
489.0389223665972, 405.7314247235821
489.0889308971812, 405.36757351452053
489.108707252668, 405.01624488240407
489.08239681813967, 404.68400602375823
489.0087461793927, 404.37137611974526
488.8926628843344, 404.076322397464
488.7390762115368, 403.79680308287715
488.55291543957196, 403.53077640194766
488.3391098470115, 403.2762005806381
488.1025887124274, 403.0310338449114
487.8485038813554, 402.79314223047515
487.58372967991147, 402.5596782982205
487.315943889519, 402.32746180695233
487.0528288060442, 402.0933106455332
486.8020667253529, 401.8540427028249
486.5713399433116, 401.60647586768994
486.3683307557858, 401.34742802898995
486.200721458642, 401.07371707558747
486.0751320639659, 400.78260090869344
485.97804558881705, 400.47967844596394
485.8779397232046, 400.1780066557142
485.7444223222027, 399.8901743765628
485.5707302818062, 399.61898297791186
485.3669690373478, 399.36024665139325
485.14360803671735, 399.1096288097001
484.9111167278054, 398.8627928655259
484.6799645585021, 398.61540223156385
484.4606209766979, 398.3631203205072
484.26355543028274, 398.1016105450492
484.0989279406767, 397.826664486524
483.9637898271677, 397.53950352847374
483.8375113463435, 397.2486727904076
483.6988745536741, 396.96296103271584
483.5441268107806, 396.68392264910966
483.3883319566769, 396.405317993168
483.24748597529236, 396.12052131140393
483.1373715090343, 395.82299521928235
483.0623832860932, 395.5109193607836
483.0100323662965, 395.18946682430663
482.9664636029018, 394.8643765995411
482.91782184916633, 394.54138767617656
482.8502519583477, 394.22623904390247
482.7506059104615, 393.9243767909143
482.6204721501288, 393.6351429619075
482.47537386351274, 393.3521076426415
482.33138086161387, 393.0686144994555
482.2043663496361, 392.77808863547557
482.1025611735595, 392.47712072266694
482.0242688842241, 392.1664134532796
481.96712961484127, 391.8469443161425
481.9287834986225, 391.5196908000853
481.90687066877916, 391.18563039393695
481.89903125852254, 390.84574058652686
481.90290540106423, 390.5009988666842
481.9161332296153, 390.15238272323813
481.93635487738754, 389.8008696450181
481.96121047759186, 389.44743712085307
481.9883401634401, 389.0930626395725
482.01538406814336, 388.73872369000554
482.03998232491324, 388.3853977609814
482.05977506696104, 388.03406234132945
482.072402427498, 387.6856949198787
482.07550453973573, 387.34127298545866
482.06672153688544, 387.0017740268983
482.04369355215863, 386.668175533027
482.00406071876665, 386.3414549926741
481.9454631699211, 386.0225898946687

441.99786041512954, 416.00516541481085
443.0897737759188, 417.0731506175789
444.17001644796807, 418.1693113553851
445.24865330634725, 419.2693488703311
446.3356113273951, 420.3492973215079
447.4311927543853, 421.4084270291055
448.51994811942717, 422.4840363080357
449.5849706566958, 423.6169417016496
450.6484526222185, 424.7535663644661
452.0562305266964, 425.0589871019874
453.1252173132332, 426.1823219512536
454.31918854333543, 427.0039176617783
455.6464281967847, 427.50377493722254
456.6468833924977, 428.7925596825078
458.07414880437875, 429.0509334153585
459.133271489135, 430.19808231292427
460.33869437298307, 430.99203128566444
461.6123781936208, 431.62118377902505
462.97212047731256, 432.04257276372596
464.0709381813382, 433.09388940741377
465.2268524691137, 434.0073627042467
466.5935983045638, 434.4118436193052
467.60360686760123, 435.6775644956295
468.6982248559634, 436.7390201498278
470.06179062618673, 437.1511784214891
471.2506385796623, 437.9851428159315
472.5906124348568, 438.45425700880753
473.59374073751945, 439.7365883030667
475.0006931146005, 440.0440020399535
476.10538368248444, 441.08114033628266
477.16282006661913, 442.23236032284956
478.3738736356968, 443.0127156208192
479.6817004335722, 443.5594396770486
480.74148435258587, 444.70499220614926
481.8112846722333, 445.8263630123721
482.89189221527016, 446.9216428778658
483.9794762679241, 448.0000799606038
485.07020611642287, 449.0709224185604
486.1602510469942, 450.1434184097093
487.24579854579173, 451.226772153559
488.3260181267411, 452.3229886247276
489.40634645940366, 453.41894256040916
490.49301141230376, 454.49959857638873
491.58647178684424, 455.5638490032178
492.63029604162153, 456.7479311283009
494.03703290153123, 457.0558662977172
495.1282234872285, 458.12559374659355
496.21655811003524, 459.2022245599169
497.2685178420785, 460.36665448936463
498.54104483201263, 460.99861767445134
499.7871175576773, 461.69441620955445
500.8253422757852, 462.8919755467339
502.22864380229606, 463.20849012124773
503.413092796408, 464.0519472038581
504.9616176663907, 464.021819180177
506.0983603483988, 464.9712151061698
507.62961303311886, 465.0021274035799
509.1048843451131, 464.90199615088073
510.2624966463019, 463.96080554522695
511.83123695261247, 464.04717488412246
513.2379405426308, 463.73756683632257
514.4654286096188, 462.9955407885778
515.7355589869339, 462.3604518103205
516.7793917172847, 461.1913043659673
517.913955559148, 460.13731868297276
517.9983192231737, 458.6417437493478
518.0054138122438, 457.0991876378017
517.9971895479216, 455.57431499694945
517.9895213790164, 454.03933630326475
518.0537733199715, 452.47918850682754
517.3230082240162, 451.24832978171537
516.1551904515758, 450.19713747933855
515.8201700103068, 448.801780010142
514.7805575650905, 447.6980851220794
513.5176017092924, 446.68694332273276
512.992475127471, 445.37016882687135
512.2774050969706, 444.1320715340017
510.99606260989657, 443.12853568161194
510.1147845878032, 441.9592843149642
509.6203430924023, 440.6298022305837
508.93794397916025, 439.37817353850244
508.356136801796, 438.0848786938083
507.62672445958196, 436.85272385614485
506.78668307081466, 435.6663930745133
505.63561761114073, 434.60889268384574
504.4861368582261, 433.5507358859773
503.4589894024592, 432.44190697611697
502.37960424396283, 431.35471563114083
501.2042199824843, 430.307288417518
500.88422570019935, 428.9055470727388
499.96488385244, 427.7520636184223
500.0218592150434, 426.1941763343127
499.10375302185287, 425.0401810550437
498.68309811878646, 423.6801347047834
497.99715381835273, 422.42997482086633
497.2117521275201, 421.22101153693046
496.88140724420174, 419.82355755167276
495.6988373030794, 418.779106743551
494.93746718027745, 417.560189258212
495.01447910594976, 415.9940025579445

493.99547108075404, 288.9890662217334
493.84973870261314, 289.13434020295466
493.7041132672077, 289.2798723667787
493.5585882831589, 289.4256470416298
493.4131572590872, 289.57164855593214
493.2678137036135, 289.7178612381102
493.1225511253587, 289.864269416588
492.9773630329433, 290.01085741978983
492.83224293498836, 290.15760957614
492.6871843401143, 290.30451021406253
492.5421807569424, 290.4515436619821
492.39722569409304, 290.5986942483226
492.2523126601871, 290.74594630150835
492.10743516384554, 290.8932841499638
491.96258671368884, 291.0406921221129
491.817760818338, 291.1881545463801
491.6729509864136, 291.33565575118945
491.5281507265368, 291.48318006496555
491.3833535473279, 291.63071181613213
491.2385529574081, 291.77823533311397
491.0937424653979, 291.92573494433503
490.948915579918, 292.07319497821953
490.80406580958964, 292.2205997631919
490.65918666303304, 292.36793362767617
490.51427164886945, 292.51518090009677
490.3693142757192, 292.6623259088778
490.2243080522037, 292.8093529824437
490.079246486943, 292.95624644921855
489.9341230885584, 293.10299063762665
489.78893136567035, 293.24956987609215
489.64366482689996, 293.3959684930395
489.4983169808676, 293.54217081689274
489.3528813361944, 293.6881611760763
489.2073514015011, 293.8339238990144
489.0617206854083, 293.9794433141311
488.9159826965369, 294.1247037498508
488.77013094350764, 294.2696895345977
488.6241589349415, 294.41438499679623
488.47806017945874, 294.5587744648703
488.3318281856806, 294.70284226724436
488.1854564622278, 294.84657273234274
488.03893851772125, 294.98995018858955
487.8922678607812, 295.132958964409
487.74543800002886, 295.2755833882254
487.5984424440851, 295.41780778846316
487.45127470157024, 295.5596164935462
487.30392828110536, 295.7009938318989
487.15639669131133, 295.8419241319457
487.0086734408088, 295.98239172211066
486.8607520382185, 296.12238093081794
486.71262599216135, 296.26187608649207
486.56428881125805, 296.400861517557
486.4157340041293, 296.5393215524372
486.26695507939604, 296.67724051955673
486.1179455456789, 296.81460274734
485.9686989115987, 296.9513925642112
485.8192086857764, 297.0875942985946
485.66946837683247, 297.2231922789143
485.5194714933879, 297.3581708335948
485.36921154406343, 297.4925142910601
485.2186820374798, 297.6262069797346
485.0678764822579, 297.7592332280425
484.91678838701824, 297.8915773644081
484.76541126038194, 298.0232237172556
484.6137386109695, 298.15415661500913
484.4617639474019, 298.2843603860931
484.30948077829987, 298.41381935893185
484.1568826122841, 298.54251786194936
484.00396295797543, 298.67044022357
483.8507153239947, 298.797570772218
483.6971332189625, 298.9238938363177
483.5432101514998, 299.0493937442933
483.38893963022736, 299.17405482456894
483.2343151637659, 299.29786140556905
483.07933026073624, 299.4207978157177
482.92397842975913, 299.54284838343926
482.7682531794553, 299.6639974371579
482.61214801844574, 299.7842293052979
482.45565645535083, 299.90352831628354
482.2987719987916, 300.021878798539
482.14148815738906, 300.1392650804886
481.98379843976363, 300.25567149055655
481.8256963545362, 300.3710823571671
481.6671754103277, 300.4854820087445
481.5082291157586, 300.5988547737129
481.3488509794498, 300.71118498049674
481.18903451002234, 300.82245695752016
481.0287732160966, 300.93265503320737
480.8680606062936, 301.0417635359827
480.7068901892341, 301.14976679427036
480.5452554735388, 301.2566491364945
480.3831499678287, 301.3623948910796
480.2205671807242, 301.4669883864497
480.0575006208464, 301.57041395102914
479.89394379681585, 301.67265591324207
479.72989021725357, 301.77369860151293
479.56533339078015, 301.87352634426577
479.4002668260164, 301.9721234699249
479.23468403158324, 302.0694743069147
479.06857851610124, 302.1655631836592

517.9979093161021, 291.9949526425789
517.5970495458185, 292.2753586444597
517.2549912389501, 292.6977239368035
516.9229075581599, 293.14417010670525
516.564093813263, 293.5260841933174
516.1644643570484, 293.8094604361085
515.7142747577209, 293.97077369568115
515.2413527775356, 294.0772061330816
514.8044871674794, 294.2706863482578
514.4050006373977, 294.5544076452579
513.9983714928891, 294.82088514563736
513.5494141273289, 294.98517328068255
513.0875475471271, 295.11829581466094
512.6582763478406, 295.33011055931564
512.2653075573432, 295.62956707161555
511.899281110111, 295.99406815442865
511.5508325696632, 296.40100605819873
511.2105974995188, 296.82777303336957
510.8689489978304, 297.2511276829373
510.50871468755935, 297.62961222135715
510.1042291068057, 297.9012647424258
509.63350120378584, 298.0129941506759
509.1143932874533, 298.00792387463935
508.58708265466214, 297.9830504892797
508.0919918963497, 298.03596276186505
507.66258906515117, 298.24745971897215
507.2885794518585, 298.5926877340113
506.9426881106664, 299.0057992629063
506.59760266231666, 299.4208563892312
506.22601072755094, 299.7719211965595
505.8013885207083, 299.9949596018238
505.331801879406, 300.10944425959104
504.8716796676588, 300.2467780715496
504.44914097477414, 300.4748465244684
504.05806566603934, 300.77887430612014
503.6904381883012, 301.13951015937187
503.3382429884059, 301.53740282709015
502.9934645131999, 301.9532010521419
502.64895509977555, 302.3696488497959
502.3013074776737, 302.7785203414993
501.948121806466, 303.1740217999422
501.58699826009206, 303.5503595325022
501.21553701249144, 303.9017398465572
500.83133823760386, 304.2223690494848
500.4320021093688, 304.50645344866274
500.0151288017263, 304.7481993514689
499.5804383964349, 304.9469309754891
499.14497730760286, 305.1438020048535
498.72925956725754, 305.3883376939009
498.32078014757155, 305.6503482348532
497.8936090229807, 305.86723300831994
497.4384135366912, 306.016460987697
496.9953081812465, 306.1948771249302
496.5893528831729, 306.46298143451224
496.18597452546584, 306.73730702847627
495.74310281278764, 306.9162872292455
495.2683494332201, 307.01829827741875
494.82703018912264, 307.20102646889035
494.44163726925655, 307.51877275081546
494.08777154583095, 307.91263241797117
493.73895292508934, 308.3186768688768
493.3687013132745, 308.67297750205165
492.9505368699601, 308.91160632760807
492.47574219308035, 309.01351767525017
492.0015368011203, 309.11685168253774
491.5803349655666, 309.3481475945557
491.20314332525334, 309.6856935168063
490.8493867927321, 310.07981679412427
490.50363426344927, 310.4932634446135
490.1579754590519, 310.9069363669925
489.8046093240259, 311.30200214723794
489.42898380176075, 311.64332901291976
489.01161526078306, 311.8838793166916
488.54248706147496, 311.9994707513385
488.06591238131074, 312.09708479091
487.6341801632446, 312.30295811064985
487.2477967467785, 312.61831312224973
486.8922407186866, 313.0080920329557
486.55298906946183, 313.4372331962482
486.2155187895964, 313.8706749656079
485.86530686958315, 314.27335569451577
485.48783029991466, 314.61021373645235
485.0685660710835, 314.8461874448985
484.5988058247699, 314.96025298309206
484.12145045948597, 315.05598228206003
483.69759304748425, 315.28086706540097
483.32548230948885, 315.6306793709359
482.97587315449204, 316.0348153033212
482.62078636054474, 316.42572704546274
482.2366608477175, 316.74653311865023
481.801446765512, 316.9440004747626
481.32927678243107, 317.0522483937717
480.8880440682419, 317.2351854869224
480.4953760222983, 317.5353680608028
480.09848951716526, 317.82536637329594
479.6457528195471, 317.9805303936303
479.15184644405133, 318.03630201927393
478.6739002516232, 318.1306049353374
478.2697367918256, 318.4030351251864
477.9971786142213, 318.99318857218645

454.02732984099725, 336.0107241139594
453.9736869786359, 335.79108444128974
453.9346323776221, 335.56872293470474
453.910278617639, 335.34528423965634
453.90073827837017, 335.1224130015971
453.90612393949914, 334.9017538659797
453.92654818070935, 334.6849514782562
453.96212358168407, 334.4736504838791
454.01296272210703, 334.26949552830104
454.07917818166163, 334.0741312569742
454.16088254003114, 333.88920231535104
454.2581883768993, 333.7163533488842
454.3712082719494, 333.5572290030258
454.5000548048648, 333.41347392322837
454.6448405553293, 333.2867327549445
454.80567810302614, 333.1786501436263
454.98268002575554, 333.09087073145685
455.17498831288333, 333.0233540448843
455.3780069244702, 332.9695697205402
455.58624006274897, 332.9214252539673
455.79419192995204, 332.8708281407084
455.996409148572, 332.8097546285599
456.1900450088027, 332.7344056984645
456.3763288725483, 332.6475885877952
456.5568449418672, 332.5526856379017
456.7331774188177, 332.4530791901335
456.90691050545837, 332.35215158584043
457.0796284038473, 332.25328516637194
457.25274747085166, 332.15952928941016
457.42599805242753, 332.0705884798646
457.59813671553894, 331.984235408073
457.7679082269991, 331.89821933436417
457.93405735362165, 331.8102895190673
458.0953288622197, 331.718195222511
458.25046751960684, 331.61968570502444
458.3982180925964, 331.51251022693657
458.5373253480018, 331.39441804857626
458.66653405263645, 331.26315843027254
458.78458897331365, 331.11648063235424
458.89027926345295, 330.95219923722766
458.9840886667394, 330.77062269124696
459.0686845262238, 330.5752729607799
459.14687834833074, 330.36988417194
459.22148163948475, 330.1581904508412
459.29530590611046, 329.9439259235973
459.3711626546323, 329.7308247163221
459.4518633914749, 329.52262095512924
459.5402196230629, 329.3230487661327
459.63904285582066, 329.13584227544607
459.7511445961729, 328.9647356091831
459.87933550315745, 328.8134617618671
460.0252476211194, 328.68417981900797
460.186993398335, 328.5743488364905
460.3620311743602, 328.48055438065506
460.5478192887506, 328.3993820178418
460.74181608106187, 328.3274173143912
460.9414798908498, 328.26124583664364
461.14426905767004, 328.19745315093934
461.3476419210785, 328.13262482361876
461.54905682063026, 328.06334642102195
461.7459720958816, 327.9862035094896
461.9358460863881, 327.8977816553618
462.1164464316013, 327.7951081504153
462.28787486322454, 327.6785437111411
462.4512984120406, 327.54997045674236
462.60788955818197, 327.41127828888955
462.7588207817812, 327.2643571092532
462.9052645629706, 327.1110968195038
463.0483933818832, 326.95338732131194
463.18937971865114, 326.79311851634804
463.32939605340715, 326.6321803062828
463.4696148662837, 326.47246259278677
463.6112086374135, 326.3158552775304
463.75534984692865, 326.164248262184
463.9032109749622, 326.0195314484185
464.05591694350653, 325.8835143528994
464.21371524326594, 325.7565234166641
464.3760815879668, 325.6375805870066
464.5424653731613, 325.5256633270045
464.7123159944014, 325.41974909973493
464.8850828472391, 325.3188153682756
465.0602153272263, 325.22183959570356
465.23716282991484, 325.12779924509624
465.41537475085676, 325.0356717795312
465.5943004856039, 324.94443466208554
465.77338942970835, 324.85306535583686
465.9520909787219, 324.7605413238623
466.1298545281967, 324.66584002923935
466.3061294736844, 324.5679389350454
466.4803652107373, 324.46581550435786
466.652011134907, 324.358447200254
466.8205166417456, 324.24481148581117
466.98533112680514, 324.12388582410676
467.14590398563723, 323.99464767821814
467.3016846137943, 323.85607451122286
467.45212240682787, 323.70714378619795
467.59666676029, 323.546832966221
467.7347670697328, 323.37411951436934
467.86587273070796, 323.18798089372024
467.9894331387676, 322.9873945673512

441.99321797347125, 324.98362673957365
441.6778962428255, 325.3141228532682
441.37384319479975, 325.671823973374
441.0701167665395, 326.0303136233468
440.7557748951894, 326.3631753266419
440.419875517895, 326.6439926067151
440.05147657180146, 326.8463489870221
439.6419672214453, 326.94945607180387
439.2033392604665, 326.9822646119029
438.75825161496596, 326.9994780940209
438.327981042398, 327.05246315456765
437.93224772093316, 327.1888285151344
437.57729276181294, 327.4236415511253
437.24794587562087, 327.72027794408484
436.9271362632659, 328.03752513932767
436.60066487414514, 328.34110359631586
436.26082138081796, 328.6123989379711
435.90078765777787, 328.83495075322645
435.5193774018901, 329.00589505296443
435.13378032955734, 329.1667314836576
434.7624421688139, 329.3619919720943
434.40845596399424, 329.5991437878561
434.06905963314915, 329.87151867524034
433.74147951396344, 330.1724204210685
433.4229419441222, 330.49515281216276
433.1106732613107, 330.8330196353446
432.8019255600184, 331.1793868598633
432.494332816747, 331.5285423996999
432.1858211935367, 331.87547956712586
431.8743242659003, 332.21520957211874
431.557775609351, 332.5427436246563
431.23410879940127, 332.85309293471596
430.9012574115645, 333.14126871227563
430.55715502135337, 333.40228216731293
430.1997352042807, 333.6311445098054
429.82693153585944, 333.8228669497306
429.4366775916027, 333.97246069706637
429.0269069501056, 334.074936969232
428.5997027543389, 334.1353249182398
428.1732975418387, 334.1976417834853
427.7671889112771, 334.30895893211715
427.3810538871804, 334.4684966323659
427.0056312993258, 334.6538964414761
426.63242753946616, 334.8446529752248
426.26224482229105, 335.0427029511944
425.90169282228504, 335.26400353516925
425.55387547975346, 335.5160483019314
425.21789014379084, 335.79665805942204
424.8925956275724, 336.1030777389321
424.57508845011677, 336.42829771729794
424.25972324905683, 336.75868888412845
423.9406175903124, 337.0800497872878
423.61188903980326, 337.3781789746396
423.2676551634495, 337.638874994048
422.90203574362215, 337.84794174436405
422.51513030789476, 338.00561950640525
422.12602951072654, 338.1579971970815
421.75465845883053, 338.3531782792519
421.40336912630073, 338.5968409206717
421.0679856144251, 338.8789036100354
420.74432118799285, 339.189258674415
420.4281891117925, 339.5177984408815
420.11540265061365, 339.85441523650707
419.801947787942, 340.1894183681834
419.486281161698, 340.51908183024676
419.1687047861035, 340.8441347495274
418.8495649909732, 341.1654132401611
418.52920810612187, 341.48375341628366
418.20798046136423, 341.79999139203085
417.886228386515, 342.11496328153834
417.56429821138886, 342.4295051989419
417.2425362658007, 342.74445325837746
416.92128887956494, 343.0606435739805
416.60090238249666, 343.37891225988704
416.2817231044102, 343.7000954302326
415.96409713813097, 344.0250286270091
415.6480751824786, 344.35383424799545
415.33283614485003, 344.6845300002933
415.01739888851927, 345.0147472103116
414.7007822767598, 345.3421172044593
414.38200517284565, 345.6642713091457
414.0600864400505, 345.97884085077976
413.73434235855683, 346.2841751837053
413.40597913291225, 346.58318634329953
413.07694288007525, 346.88057267151817
412.7491814398637, 347.18103666966687
412.42464265209577, 347.48928083905145
412.1052743565892, 347.8100076809777
411.79284247056955, 348.1474804967617
411.4863158920542, 348.4992099860125
411.18247139635173, 348.85741459596545
410.87802707195596, 349.2141710913517
410.56970100736027, 349.56155623690194
410.25421129105854, 349.8916467973471
409.92827601154426, 350.1965195374181
409.58861325731107, 350.4682512218457
409.2319411168529, 350.698918615361
408.85497767866315, 350.8805984826945
408.45444103123555, 351.0053675885775
408.0270492630637, 351.06530269774055

413.0105900275772, 366.02435103656273
413.4855688564822, 366.04813518971827
413.9116199694374, 365.9515878394421
414.29725868200984, 365.7558248424864
414.6510003097662, 365.48196205560214
414.98136016827317, 365.1511153355413
415.29685357309734, 364.7844005390552
415.60599583980536, 364.40293352289535
415.917302283964, 364.02783014381333
416.23831269739975, 363.67775161956206
416.56920103795306, 363.3528250588698
416.90677778597836, 363.0447142982063
417.247836179423, 362.7450397882353
417.589169456235, 362.44542197962096
417.927570854362, 362.1374813230275
418.260155809978, 361.8136906835445
418.5870363065626, 361.474450655038
418.90995268972983, 361.1244698605955
419.2306615334262, 360.7684998573216
419.5509194115978, 360.41129220232114
419.8724828981909, 360.05759845269887
420.19710856715176, 359.7121701655595
420.52655299242656, 359.3797588980078
420.8625727479616, 359.06511620714866
421.20692440770324, 358.7729936500867
421.56136454559737, 358.5081427839267
421.92764973559065, 358.2753151657736
422.3069224275479, 358.0777120117848
422.69128732503174, 357.89571897267916
423.0666495889144, 357.69361258828775
423.43773686831355, 357.4703990439311
423.8303293217837, 357.26405879183216
424.2698353185137, 357.11291918731547
424.73337245029563, 357.0000129696192
425.140383402066, 356.84225092179076
425.44584601842786, 356.59005696592124
425.67347579943043, 356.2599107393417
425.8539912146675, 355.87502161374886
426.0181107337327, 355.4585989608396
426.19654560543506, 355.03384932626
426.41267626561427, 354.62111014268885
426.6687479715664, 354.23244701605245
426.9632198941352, 353.8784437644067
427.29455120416475, 353.56968420580824
427.6612010724985, 353.3167521583126
428.06162809475967, 353.13022995507987
428.48804319518973, 353.00457196059153
428.9109642822711, 352.8782333906326
429.30159324105193, 352.68859566014095
429.6599558082549, 352.43226034239785
429.99567444960877, 352.12554600818197
430.31780515696727, 351.78422910663267
430.6320282782702, 351.420813356533
430.9427922054088, 351.0466080793726
431.2545435252984, 350.6729208466927
431.5717288248535, 350.3110592300345
431.89879469098923, 349.9723308009393
432.2401877106203, 349.66804313094826
432.6003544706618, 349.4095037916028
432.98374155802844, 349.20802035444405
433.3918645268055, 349.06770320402387
433.80294673858555, 348.9354684611288
434.18607750189193, 348.7357749687625
434.53624843086584, 348.45631107378154
434.8667287593026, 348.1293828837366
435.1912690484151, 347.78837883742506
435.5251074408228, 347.4689458585078
435.8846198644039, 347.2084582858801
436.2843879313605, 347.0402429236437
436.708306135341, 346.9287620764144
437.1154443359214, 346.7827326927713
437.4864553090374, 346.55808244458404
437.82902407228187, 346.26992267585854
438.15245337518087, 345.9369065499424
438.46604596726047, 345.5776872301834
438.7791045980472, 345.21091787992924
439.1008186395886, 344.8550507146587
439.4348749468532, 344.51878540379784
439.7771052849723, 344.19689942002407
440.1227387585479, 343.8831020931122
440.4670044721819, 343.57110275283696
440.8051315304766, 343.25461072897326
441.13227623291874, 342.9273466538849
441.43801732723585, 342.58389704381517
441.70251040292277, 342.2203113078973
441.90527802748625, 341.8328700404169
442.0535218449499, 341.4268932967984
442.20535498002937, 341.0243266252751
442.4072575476266, 340.6424447715623
442.65858865836935, 340.28073300710275
442.95066536964237, 339.9356405071976
443.274804738831, 339.60361644714806
443.62232382332024, 339.28111000225545
443.9845396804952, 338.96457034782077
444.35276936774096, 338.65044665914536
444.71832994244244, 338.33518811153044
445.072538461985, 338.0152438802771
445.40671198375367, 337.68706314068675
445.7121675651335, 337.3470950680605
445.9802222635094, 336.9917888376994

400.01921402429565, 356.04638675804205
399.9058997845621, 356.1218760158506
399.7918501773802, 356.19558993959146
399.67718447236496, 356.2678164715876
399.5620219391322, 356.3388435541628
399.4464818472976, 356.40895912964095
399.33068346647667, 356.47845114034504
399.214746066285, 356.547607528599
399.0987889163382, 356.6167162367262
398.98293128625187, 356.68606520705015
398.86729244564157, 356.75594238189467
398.75199166412295, 356.82663570358284
398.63714821131146, 356.8984331144386
398.52288135682284, 356.9716225567853
398.4093103702726, 357.04649197294646
398.29655452127633, 357.1233293052457
398.1847330794498, 357.20242249600665
398.0739638761118, 357.2840560151978
397.9642554345611, 357.36825043988216
397.8554320998854, 357.4545817015881
397.74730051490815, 357.5425829947979
397.6396673224528, 357.6317875139936
397.532339165343, 357.7217284536571
397.4251226864019, 357.8119390082705
397.31782452845323, 357.90195237231586
397.2102513343203, 357.9913017402751
397.10220974682665, 358.0795203066304
396.99351229259315, 358.1661554706073
396.88409442194984, 358.2510513955171
396.77400798908457, 358.3343332684434
396.66330942679804, 358.4161373302188
396.55205516789084, 358.496599821676
396.4403016451634, 358.5758569836475
396.32810529141676, 358.65404505696637
396.21552253945134, 358.7313002824651
396.10260982206785, 358.80775890097635
395.9894235720671, 358.883557153333
395.87602022224945, 358.9588312803677
395.76245620541573, 359.03371752291304
395.6487879543666, 359.10835212180183
395.53507190190265, 359.1828713178667
395.42136448082465, 359.2574113519405
395.30772212393305, 359.33210846485576
395.1942012640286, 359.4070988974452
395.08085833391215, 359.48251889054166
394.967749766384, 359.55850468497766
394.854931994245, 359.6351925215861
394.742461450296, 359.7127186411997
394.63039456733736, 359.7912192846509
394.5187877781697, 359.8708306927725
394.407697515594, 359.9516891063974
394.2971802124106, 360.033930766358
394.18729230142026, 360.11769191348725
394.0780902141432, 360.20310878552624
393.9696105293858, 360.2902696915261
393.861819752533, 360.3790937683321
393.7546689361355, 360.46946284634885
393.6481091327445, 360.5612587559812
393.5420913949106, 360.6543633276336
393.4365667751851, 360.7486583917109
393.33148632611875, 360.84402577861755
393.22680110026255, 360.9403473187582
393.1224621501675, 361.03750484253766
393.01842052838424, 361.13538018036047
392.9146272874641, 361.2338551626312
392.8110334799577, 361.33281161975447
392.70759015841645, 361.43213138213514
392.6042483753906, 361.5316962801775
392.5009591834318, 361.63138814428663
392.3976736350905, 361.7310888048668
392.29434278291785, 361.8306800923229
392.19091767946475, 361.9300438370594
392.087349377282, 362.0290618694809
391.9835889289209, 362.12761601999233
391.8795873869321, 362.2255881189981
391.77529580386647, 362.3228599969028
391.6706652322752, 362.41931348411117
391.56564672470927, 362.514830411028
391.4601913337193, 362.6092926080576
391.35425011185646, 362.70258190560486
391.2477741116717, 362.7945801340744
391.14071438571585, 362.88516912387075
391.03302198654, 362.97423070539867
390.9246479666949, 363.06164670906276
390.81554337873166, 363.14729896526757
390.7056592752011, 363.2310693044178
390.5949467086542, 363.3128395569181
390.48335673164206, 363.39249155317316
390.3708403967155, 363.46990712358763
390.25734875642524, 363.544968098566
390.1428328633225, 363.6175563085131
390.02724376995815, 363.6875535838334
389.9105325288832, 363.75484175493165
389.79265019264847, 363.8193026522124
389.67354781380493, 363.8808181060804
389.55317644490367, 363.9392699469404
389.43148713849547, 363.99454000519665
389.30843094713117, 364.04651011125407
389.183958923362, 364.0950620955174
389.0580221197387, 364.140077788391

392.0106121052656, 422.9957305620966
392.12178451555724, 422.38267841240815
391.8940701995145, 421.92272674083125
391.50942869977786, 421.53145982810406
391.14981955898793, 421.1244619549644
390.97809524010796, 420.6262234185048
390.9568244009367, 420.0545889621476
390.9516963681199, 419.47426846084454
390.9447563785806, 418.9046271223585
390.9562916254, 418.35008737758494
391.00660911609793, 417.8150639150658
391.1160158581944, 417.30397142334306
391.3037751763743, 416.8209712695882
391.5710675372926, 416.36583577266583
391.9037730616101, 415.93462357091653
392.28728956454313, 415.5232762381168
392.7070148613089, 415.1277353480435
393.1483467671237, 414.74394247447293
393.5966830972044, 414.3678391911818
394.0374216667677, 413.99536707194676
394.4590499777499, 413.6226992347359
394.86242579839734, 413.2469358375619
395.25150234607565, 412.86540901446847
395.6302328381511, 412.47545089949966
396.0025704919897, 412.0743936266996
396.37246852495736, 411.65956933011216
396.7438801544199, 411.2283101437814
397.1207789630254, 410.7784403075742
397.5077867586708, 410.32344774939736
397.9102927071286, 409.8953628010266
398.3337303787855, 409.52728878549505
398.7835333440283, 409.2523290258363
399.26512359270004, 409.1021932691317
399.7834524438799, 409.0519518264257
400.3402800568366, 409.00438184426895
400.9003319390203, 408.8965951605618
401.40057017742595, 408.6953486663737
401.7772826779517, 408.3681191256903
401.9683302472818, 407.8834488502482
402.0282293968607, 407.2889075290531
402.19759755833405, 406.7578638140216
402.5520342027446, 406.34622101014924
402.99398598470594, 405.9872278152996
403.4254353178886, 405.61721759985977
403.77348436609265, 405.2039335522262
403.9764988135804, 404.72504841042365
404.0997460220794, 404.2114967053078
404.32294674515737, 403.74192430208615
404.6293266479371, 403.30910235251577
404.88158984393374, 402.85319503450444
405.0246645630896, 402.3499648391494
405.2019379131688, 401.86111414346277
405.4990176990978, 401.4235356951994
405.8859535401066, 401.0243619978338
406.32483231758476, 400.6472967386321
406.77774091292247, 400.27604360486094
407.2067662075092, 399.8943062837866
407.5739950827353, 399.4857884626758
407.84151441999046, 399.03419382879486
407.99346566047785, 398.53173559424647
408.16311056286287, 398.0281639604902
408.4739511678844, 397.5750879789013
408.7996421047017, 397.14737662407754
408.9677453318347, 396.7035852818914
408.98146945851886, 396.21178616025577
408.9948520395509, 395.6529078127043
409.0396859286811, 395.0433175644574
409.07980655976286, 394.41791856953876
409.07843452509985, 393.8117816840081
408.9987904169958, 393.25997776392524
408.80470579796736, 392.7971411130849
408.4849372638142, 392.44009652591666
408.0613156848881, 392.1820364672255
407.55795374491714, 392.0145229936954
406.9989641276297, 391.92911816201047
406.4084595167536, 391.9173840288544
405.8105094796995, 391.9705050795212
405.225970004264, 392.0515243486812
404.6703178190295, 392.07637847385485
404.15851703089857, 391.95651504314515
403.70328591280224, 391.6290718718755
403.2970491313645, 391.2633265344941
402.92140083093443, 391.1507814099124
402.54816443256954, 391.4087638772064
402.1286080232629, 391.7820064037736
401.618374061057, 391.99249583806517
401.04643891318034, 392.0230937837879
400.4818151572817, 392.01434826346446
399.97482094316723, 392.1196746915738
399.541316634493, 392.41434037074526
399.12032159594344, 392.7512629021566
398.6440126270666, 392.96066349894693
398.13290058004054, 393.0865144842804
397.66409268429106, 393.3105484494863
397.2491626326175, 393.6614215273201
396.87155012871614, 394.1019888423218
396.50385911767387, 394.56774280302994
396.10069542105003, 394.9486974518443
395.61494783900014, 395.1305281939759
394.99950517168014, 394.99891043463646

421.9907066045354, 381.0229384916841
421.76701465555817, 381.0997272941552
421.5572693136498, 381.1176790528097
421.3597191351021, 381.08573810334
421.1726126762066, 381.0128487814383
420.99419849325517, 380.90795542279733
420.82272514253896, 380.7800023631089
420.65644118034976, 380.63793393806543
420.49359516297926, 380.49069448335933
420.33243564671903, 380.34722833468305
420.1712111878607, 380.2164798277287
420.00817034269596, 380.1073932981887
419.8416128154887, 380.0287212682654
419.671203286477, 379.9840973709328
419.49808520012806, 379.9716096248629
419.3234759522798, 379.9890687186617
419.1485929387705, 380.03428534093524
418.97455597112554, 380.10487782861986
418.80145291497047, 380.1964304159155
418.62875149813306, 380.3033049628748
418.45591098231694, 380.41984664169235
418.2823906292263, 380.54040062456323
418.10764970056476, 380.6593120836824
417.93114745803604, 380.77092619124437
417.7525764675663, 380.8709549188645
417.5727516103669, 380.96168525795156
417.39282482550067, 381.04737883402913
417.2139481172406, 381.13229765464877
417.0372726826632, 381.2207004700686
416.8636572490335, 381.3156658220555
416.69323497412125, 381.41734434923563
416.5260284240535, 381.52544041786587
416.36206016495703, 381.63965839420257
416.20135276295895, 381.75970264450234
416.0439287841862, 381.8852775350219
415.8898107947657, 382.0160874320176
415.7390213608243, 382.151836701746
415.5915830484894, 382.2922297104639
415.4475184238874, 382.43697082442765
415.3068500531455, 382.58576440989384
415.1696005023908, 382.7383148331191
415.0357923377501, 382.89432646036
414.9054481253504, 383.053503657873
414.77859043131866, 383.21555079191484
414.65524182178183, 383.3801722287418
414.5354248628668, 383.54707233461073
414.4191621207007, 383.71595547577806
414.30647616141044, 383.8865260185005
414.1973895511229, 384.0584883290344
414.09192485596515, 384.23154677363635
413.990104642064, 384.40540571856303
413.89195147554653, 384.5797695300709
413.79748792253974, 384.7543425744167
413.7067366038046, 384.9288294267037
413.6197617372097, 385.1030936729561
413.53674321832915, 385.2774410938515
413.45788089006896, 385.45225372161076
413.3833745953356, 385.6279135884551
413.313424177035, 385.8048027266053
413.2482294780736, 385.98330316828265
413.18799034135725, 386.1637969457078
413.1329066097925, 386.34666609110207
413.08317812628525, 386.5322926366862
413.0390047337418, 386.72105861468134
413.00058627506826, 386.91334605730833
412.9679697621171, 387.1094274315829
412.9388418709913, 387.3078830702016
412.90903392975497, 387.50596319929
412.87432727128544, 387.70088220322043
412.8305032284597, 387.8898544663648
412.7739275381287, 388.0705462755972
412.705071313712, 388.24379848542947
412.6261652814011, 388.41181260746947
412.53944688256036, 388.57679534597196
412.447153558554, 388.7409534051916
412.3515227507465, 388.9064934893829
412.2547917896612, 389.0756221709503
412.1586250893102, 389.24986451054855
412.0627794002171, 389.42847631134987
411.9666149123733, 389.61024164869747
411.8694918157703, 389.79394459793497
411.77077030039953, 389.97836923440553
411.6698105562524, 390.1622996334526
411.56597277332037, 390.3445198704196
411.45861714159474, 390.5238140206499
411.3471038510671, 390.6989661594869
411.2307930917287, 390.8687603622737
411.10904505357115, 391.0319807043541
410.98121992658565, 391.18741126107113
410.8466779007638, 391.3338361077683
410.7047791660969, 391.47003931978895
410.55488391257654, 391.5948049724765
410.39635233019396, 391.7069171411743
410.22854460894075, 391.8051599012257
410.05082093880816, 391.88831732797405
409.8625415097878, 391.95517349676277
409.66306651187085, 392.00451248293524
409.45175613504887, 392.03511836183463
409.22797056931336, 392.04577520880474
408.99107000465557, 392.0352670991885

423.0182768500356, 396.0470656351679
422.902331702961, 396.1435598017719
422.78422809102136, 396.23583284472323
422.6641328294993, 396.3242315753101
422.5422127336779, 396.4091028048216
422.4186346188403, 396.49079334454626
422.2935653002692, 396.5696500057728
422.1671715932479, 396.64601959978995
422.0396203130588, 396.7202489378862
421.9110782749854, 396.7926848313504
421.7817122943105, 396.86367409147147
421.65168918631707, 396.93356352953776
421.5211757662879, 397.00269995683806
421.3903388495062, 397.07143018466115
421.2593452512548, 397.14010102429563
421.1283617868166, 397.2090592870302
420.99754205850945, 397.27861788332643
420.86691858821297, 397.34877906461696
420.736458880228, 397.41937826514703
420.60612981637803, 397.49024932205754
420.4758982784867, 397.5612260724893
420.34573114837764, 397.63214235358305
420.21559530787414, 397.70283200247957
420.08545763880016, 397.7731288563196
419.9552850229789, 397.842866752244
419.8250443422342, 397.9118795273935
419.6947024783896, 397.9800010189089
419.5642263132686, 398.0470650639311
419.4335827286948, 398.11290549960063
419.30273860649186, 398.1773561630587
419.1716608284832, 398.2402508914455
419.0403150873939, 398.3014246977812
418.90863534475113, 398.36074397350785
418.77652118683983, 398.41810910314126
418.6438704809749, 398.473422171056
418.5105810944714, 398.5265852616266
418.3765508946438, 398.5775004592272
418.2416777488073, 398.6260698482327
418.1058595242768, 398.6721955130175
417.96899408836714, 398.7157795379561
417.83097930839335, 398.75672400742314
417.6917130516701, 398.79493100579293
417.5510931855125, 398.8303026174401
417.4090175772353, 398.8627409267391
417.26538409415366, 398.8921480180647
417.12009060358224, 398.91842597579114
416.97303523620604, 398.94147766965017
416.8241692193518, 398.9613643011341
416.6735609288879, 398.97849640333436
416.5212943895135, 398.9933311734409
416.3674536259279, 399.0063258086436
416.2121226628304, 399.0179375061328
416.05538552492004, 399.02862346309826
415.8973318650169, 399.0387798661447
415.7380836126067, 399.04845301276157
415.5777741823321, 399.05756469775406
415.4165370027525, 399.0660365650653
415.2545055024274, 399.073790258639
415.09181310991625, 399.0807474224181
414.9285932537786, 399.08682970034636
414.76497936257374, 399.09195873636685
414.6011048648613, 399.09605617442315
414.4371031892005, 399.09904365845847
414.2731077641511, 399.10084283241616
414.10925201827246, 399.1013753402398
413.94566938012383, 399.1005628258725
413.78249327826495, 399.0983269332578
413.6198571412551, 399.09458930633895
413.4578943976539, 399.0892715890594
413.2967384760207, 399.0822954253624
413.1365228049149, 399.0735824591913
412.97738081289594, 399.0630543344895
412.8194459285235, 399.05063269520053
412.6628515803569, 399.0362391852676
412.50773119695555, 399.01979544863417
412.35421820687895, 399.0012231292434
412.2024460386866, 398.98044387103874
412.0525481209379, 398.9573793179636
411.9046515023811, 398.93194902908164
411.7587832618433, 398.90403989395065
411.61489114774116, 398.8735128774786
411.4729207259026, 398.84022823131767
411.33281756215575, 398.8040462071202
411.19452722232853, 398.76482705653854
411.05799449251964, 398.7224326145883
410.92308271626854, 398.67689009822715
410.78950356889294, 398.6285347106236
410.656952174837, 398.5777352641009
410.52512365854506, 398.52486057098184
410.3937131444614, 398.4702794435896
410.26241575703045, 398.41436069424725
410.1309266206963, 398.3574731352778
409.99894085990337, 398.29998557900416
409.86615338222373, 398.24226737647035
409.7322450710671, 398.1847227153932
409.5968744697208, 398.1278112773932
409.4596981275356, 398.07199769712366
409.320372593862, 398.01774660923815
409.17855441805034, 397.9655226483899
409.0339001494513, 397.9157904492323

301.00387273555197, 396.99065038930746
300.8767387245835, 396.5810020176051
300.6911631160741, 396.312444143292
300.4597916596666, 396.1544472260753
300.1952701050032, 396.0764817256616
299.9102442017265, 396.048018101758
299.6173596994789, 396.03852681407125
299.32926234790284, 396.0174783223081
299.05859789664083, 395.95434308617564
298.81565650114663, 395.8242784728177
298.59659775806847, 395.6365560360915
298.3923362359468, 395.4131099478471
298.19377784245086, 395.17589528912623
297.9918303340248, 394.9468626776344
297.77974564536487, 394.74230338414714
297.55770699278645, 394.56177508535126
297.3271725294976, 394.40175748799544
297.0896004087068, 394.2587302988286
296.846448783622, 394.1291732245996
296.5991758074515, 394.009565972057
296.34923963340333, 393.89638824794963
296.09809841468586, 393.7861197590265
295.8470402737178, 393.6756507026741
295.59660457627706, 393.56367893471605
295.34712464374684, 393.4493997461487
295.09893379135116, 393.33200844283783
294.85236523758834, 393.2107005641648
294.6077325456789, 393.0847191015505
294.3653058358347, 392.9534119271162
294.1253494132435, 392.8161409516924
293.88812758309354, 392.6722680861098
293.6539046505726, 392.5211552411987
293.4229449208688, 392.36216432778986
293.19551269917014, 392.19465725671364
292.97187211107905, 392.01799637235865
292.75163754999795, 391.8331126114021
292.5323124160296, 391.64603329917605
292.31097212730987, 391.46381900088124
292.0846921019746, 391.29353028171823
291.8505772697403, 391.1421564596292
291.60792554648333, 391.0113925156276
291.3597019865941, 390.89408017519116
291.10922064409226, 390.7822186041589
290.8597955729975, 390.66780696837003
290.61474082732957, 390.54284443366396
290.377370461108, 390.3993301658797
290.15099852835255, 390.22926333085667
289.93892701136565, 390.02467223813755
289.74064866186956, 389.78678149339436
289.54644146409254, 389.5390621189563
289.3452175130263, 389.30828268547305
289.1258889036623, 389.1212117635939
288.8776108207647, 389.0040310533434
288.598624160356, 388.9609874074015
288.29876588898134, 388.968332287722
287.9886275208648, 389.0004955170194
287.67880057023007, 389.0319069180083
287.37987655130127, 389.0369963134036
287.10244697830217, 388.99019352591966
286.8560337627952, 388.8685106275231
286.6378084775979, 388.67877604547766
286.43701434320224, 388.44695894275924
286.2427642090492, 388.1993432259027
286.04417092458016, 387.96221280144266
285.83205014948726, 387.7577406283111
285.6063182963457, 387.58612850440346
285.3699196606035, 387.4402682717167
285.1258005828335, 387.31304683488105
284.87690740360847, 387.1973510985263
284.6261864635011, 387.0860679672824
284.37658410308427, 386.9720843457792
284.13104666293066, 386.8482871386468
283.89222884338983, 386.7082673322967
283.66041116835584, 386.5513476821399
283.4347179759005, 386.37964222307926
283.2142658593251, 386.1952836875478
282.99817141182933, 386.00040480822355
282.78496238441494, 385.7985599086063
282.57085036800424, 385.59889501726974
282.35147755304865, 385.4119308171293
282.1224861299994, 385.24818799110005
281.87955214259125, 385.1181054930404
281.6228394816421, 385.02128765551504
281.3614470939246, 384.9357676778221
281.10553174489115, 384.8370249590565
280.863310207066, 384.7052224555512
280.63156120084926, 384.5481370242046
280.4028859182449, 384.3836309676261
280.1698793970595, 384.2295814459716
279.92513882232964, 384.10386043552575
279.66361411115355, 384.01865991492116
279.38709895961847, 383.96964951873696
279.098624557458, 383.9495113076088
278.8012220944053, 383.950927342172
278.49792276019406, 383.9665796830619
278.1917577445575, 383.989150390914
277.88575823722925, 384.01132152636364
277.5829554279427, 384.02577515004623
277.2863805064312, 384.0251933225972
276.9990646624283, 384.0022581046519

295.0072582197761, 428.0170368641161
295.7530606923224, 428.0063721682001
296.4999939498298, 427.99836143611884
297.24794566017334, 427.992741039847
297.9968034912282, 427.9892473513597
298.74645511086965, 427.9876167426321
299.4967881869725, 427.9875855856388
300.2476903874121, 427.98889025235525
300.99904938006335, 427.99126711475594
301.7507528328016, 427.99445254481634
302.5026884135019, 427.99818291451123
303.25474379003924, 428.0021945958155
304.0068066302888, 428.0062239607043
304.75876460212584, 428.0100073811525
305.5105053734253, 428.01328122913526
306.2619166120623, 428.01578187662733
307.01288598591196, 428.0172456956038
307.76330116284953, 428.0174090580397
308.51304981075, 428.01600833591004
309.26201959748846, 428.0127799011898
310.01009819094014, 428.00746012585375
310.75717325898006, 427.99978538187713
311.5031324694834, 427.98949204123494
312.24787980258895, 427.9763547152618
312.9922281416943, 427.962278674729
313.7383604195427, 427.9523808727725
314.48857300705276, 427.9520441853499
315.2451622751434, 427.9666514884185
316.01042458891186, 428.0015856443025
316.7838497526654, 428.05565674878517
317.5541279793184, 428.1023830196984
318.3073522230643, 428.1092000789506
319.02961543809596, 428.0435435484498
319.7070105786068, 427.8728490501045
320.3276032584804, 427.56841927813895
320.9011571478581, 427.14409236919226
321.45087010084325, 426.6400419505814
322.00013982401043, 426.09683342726316
322.5417920233442, 425.5411711042136
322.9094987683071, 424.92759995543486
323.0422935198897, 424.2408484141057
323.3917303111344, 423.63974181303723
323.8574074119264, 423.08567295606747
324.0154900537046, 422.41885645768747
324.0397502757849, 421.64902513170125
324.07435120487565, 420.86302961266983
323.9494395236514, 420.15068513402343
323.53773558425013, 419.57487940294806
323.1225273678903, 419.00618111220655
323.00394297776717, 418.30409663403094
322.71970544136707, 417.6704555090844
322.13902766495636, 417.1620376838788
321.5671487062759, 416.6437098753622
321.1539842209882, 416.05861045249554
320.9533511863803, 415.3978795139154
321.00076919157465, 414.65703862322715
320.92407905594877, 413.9222193964204
320.3498732114075, 413.3021770440882
319.92098277793207, 412.73519119147636
320.06112914388723, 412.1576585661584
320.50699160361336, 411.5513211163211
320.92272028406353, 410.90270969369294
321.068546292631, 410.203983907312
321.0282595854267, 409.4662585665736
320.95266758246527, 408.7049064051012
320.95102053673185, 407.94638531068836
321.0774540991795, 407.2318546992704
321.36935595077057, 406.5961970803612
321.7422019458387, 406.00565589579713
322.0445656482543, 405.38880711109226
322.131795701276, 404.6772750463309
322.02369564309055, 403.8783946183154
321.9006125499851, 403.0734106574083
321.9462254109169, 402.3436415624965
322.30846827182864, 401.7454789438111
322.8166199408097, 401.2050899525213
323.0338633357904, 400.5439903413545
322.98665658404377, 399.7740158171611
323.0430914425886, 399.0472110551806
323.4531924350654, 398.4667763167973
323.9022878498118, 397.90240783275254
324.11039143806596, 397.2382430954272
324.37870459060514, 396.59903471645697
324.81690851253825, 396.03020102851724
325.370023605529, 395.5089663362628
325.98161906748925, 395.0119539304627
326.59547418102153, 394.5158747474278
327.1562769697297, 393.99781884246715
327.6089611124039, 393.43497875613934
327.89900078072213, 392.8047708998659
328.08024398063105, 392.1294998659459
328.4038056705513, 391.51317774188044
328.90755415039035, 390.9714903578684
329.5286061807443, 390.47839200622934
330.15741668305765, 389.98850771481347
330.6723443447907, 389.4514517493509
330.9526234642693, 388.81720106634583
331.0276308740444, 388.0979238470205
331.24578215780434, 387.4379387705751
331.9962925871618, 386.99846434125436

387.0017275553695, 388.9999139049997
386.9735905659907, 389.77998970072645
387.0321787682598, 390.59044311821634
387.03984053661424, 391.37784193032314
386.859231139925, 392.08887708712496
386.42435349493945, 392.69887611291875
385.8316002305532, 393.2483443645255
385.1998416124129, 393.7868089749878
384.63677340279725, 394.35352123025655
384.0852077487692, 394.83610878146897
383.400615390134, 395.0684785031585
382.7038682566378, 395.3122909948593
382.0948675053863, 395.75177681691616
381.5463894402297, 396.3269205414965
381.026643560788, 396.9689381133993
380.50504179914526, 397.6104204052299
379.9565777286189, 398.19034064699366
379.35786331128867, 398.64952262394746
378.68682056488245, 398.9320128896281
377.98626408104576, 399.141506492993
377.357891353905, 399.52673004745947
376.8053210420066, 400.0956453616389
376.29636438440565, 400.7695547702272
375.7717003962872, 401.4052923031354
375.1693557178663, 401.85338973806006
374.43897050648525, 401.99240747539153
373.64677939067786, 401.98230063904606
372.9260623157225, 402.14483441433043
372.3249470699583, 402.59615357824225
371.6865406300393, 402.95732580615214
370.9927038571722, 403.1841359152783
370.3742128432931, 403.5923776768644
369.72795685496163, 403.93557740862
369.0256514550117, 404.14526991856224
368.3949147437649, 404.5254464675366
367.83232104262834, 405.06727824357614
367.3015513566186, 405.6834092256785
366.7668865182287, 406.28816706225916
366.20998837981364, 406.84466658258714
365.6321609092199, 407.3711565176521
365.0357622422208, 407.88884456642586
364.4505076176736, 408.4285609596479
364.0714477717947, 409.0792846322088
363.9632414533305, 409.8616851286932
363.6361824090732, 410.52434284668857
362.99885291274074, 410.91115084852834
362.22674413465666, 411.0611517492409
361.58111294315717, 411.43045711867626
360.995381136623, 411.88383001177937
360.27150420082467, 412.0283882655451
359.4865540371808, 412.0365537896954
358.69603598596177, 412.02989720818937
357.88770880065806, 411.9865438890952
357.0707194575522, 411.9275675231639
356.3146003671401, 411.995615654693
355.6884161608738, 412.3351358311958
355.10181769264244, 412.81122611963394
354.37433509271006, 413.1014284837793
353.570066347423, 413.0941299919118
352.8623253751429, 412.7756450284041
352.2881556792571, 412.2776678229131
351.6359322682638, 411.9894731648414
350.8568024712067, 411.97006039265284
350.06188382089636, 411.98535857952584
349.26748796584184, 411.9996815560577
348.4755580915529, 412.0072754176569
347.68638475879357, 412.00767080910475
346.8991788989864, 412.0038506740625
346.11313283709046, 411.9988574535322
345.3274388980642, 411.9957335885155
344.5412926668596, 411.9972514993427
343.75394134939995, 412.0019079133836
342.96467339505125, 412.0047834212692
342.17277840483877, 412.0008632232958
341.3775459797879, 411.98513251975936
340.5816507547012, 411.96115496978
339.86155232203026, 412.1195055069806
339.2826665493015, 412.6258458483044
338.74871712631324, 413.2420991799345
338.19964071400494, 413.8197238269266
337.6397961258078, 414.3700274240578
337.07710700702035, 414.91316294720696
336.5185475805341, 415.4668416176977
335.9652237567142, 416.03368234522287
335.4160018306436, 416.61054412610525
334.86946650327906, 417.1936085484673
334.2957688443596, 417.7107325953885
333.6187631304173, 417.9785781809484
332.92326659554203, 418.20199932169567
332.3331683668572, 418.6798134224362
331.67468631453494, 418.9924851981546
330.89045055457575, 419.00155935974055
330.1236323657455, 419.05270455692283
329.4927286782379, 419.4319772475243
328.8931215217267, 419.88680267902663
328.18764394666204, 420.0860336959155
327.3958472651567, 420.07687197536427
326.5684631505925, 419.9817947420321
325.75622327635074, 419.9232792205783
325.00985931581283, 420.023802635662

