369.9988670791795, 121.00045519226644
371.59233358406436, 122.4326567785578
371.94795875408977, 124.38146928688136
372.9516799323623, 126.0439116093689
372.9991801970377, 128.13347991227405
372.9785923679799, 130.2101102584352
373.05033207556755, 132.33891794562692
372.0644954170091, 134.02061037384465
370.3303418258509, 135.06576247968164
368.6407374375488, 134.00755306824126
366.93928980210273, 133.08049403219866
365.15649488505574, 132.2707604127737
363.76660271462674, 130.7039104393949
362.20147336541146, 129.26803740782367
362.0064082317769, 127.25267082733609
361.0039797707234, 125.57561671696327
360.0579357346176, 123.87457550511375
359.1873091009467, 122.14229479423828
358.0037126626019, 120.5396889979956
357.01758310068465, 118.85530256042303
356.9932501753027, 116.77228564327962
357.0044005392856, 114.67435213629922
357.0037110788621, 112.5824998560256
356.9982319357884, 110.49255833206443
356.99501325182007, 108.40035709402135
357.001105168713, 106.301725671502
357.0258723855143, 104.22277231339373
355.90945200819806, 102.54369387332967
357.08495143253504, 100.84638116402672
358.5786089096807, 99.41462692182247
360.1076572570447, 98.04421873402318
362.17791885484263, 97.99313541017949
364.27388196935897, 98.00025253461209
366.3676797493426, 98.00187677165772
368.4603126176762, 98.00113469836177
370.5524375195525, 97.99943093652317
372.6447114001644, 97.99817010794085
374.7377912047049, 97.99875683441377
376.8319869226183, 98.00180650122068
378.9255824431614, 98.00332562848018
381.0161282973688, 97.99765253227234
383.10695665593454, 97.99288075202423
385.2213763130289, 98.04472267906148
386.9401813603475, 97.14166148865442
388.69726286971155, 96.33094371543729
390.4606388258767, 95.53543066687715
392.22157278021456, 94.73402180559268
393.97237505314257, 93.90815280432398
395.65496620663384, 92.91760571506913
397.790984287834, 93.02173225677416
399.4389929795039, 91.94771459062694
401.4367991000477, 91.71789765256398
402.85374279127086, 90.0874463277978
404.91500646343945, 90.00927187116889
406.9994125658439, 89.9908471858721
409.1140075961895, 90.04125718312065
410.8471358124059, 89.15879233278164
412.6460819899501, 89.53897038917388
414.1416404309119, 90.97620829694931
415.8984997228823, 91.81507558782214
416.99618671365687, 93.49479102573753
418.11121201108574, 95.12322279032813
419.5882380810507, 96.60295220891796
420.9999222734835, 98.11047960844313
421.04052825619084, 100.2322861019775
420.1169022399306, 101.93034761220659
419.98887412792004, 103.97199297285823
420.01127637323674, 106.07376851542787
420.0006865561633, 108.16211254916712
419.99359317014427, 110.25262414406045
419.9993754819942, 112.34809942620194
420.0065241541948, 114.44146940701876
419.98681550409685, 116.53660869818604
420.4502483648866, 118.44118765255106
420.9660581358835, 120.31920466300541
421.9032893112162, 122.02393693900007
422.7449140912611, 123.7681759167993
423.4599615350404, 125.56507374525401
425.05483123232705, 126.99721072861975
426.00920206612346, 128.69036094451576
427.2405348882556, 130.31552613843405
429.0607947132285, 131.07435064892056
430.8137506939968, 130.18460705194315
432.825878856906, 130.001998739081
434.930266403113, 129.97751839763797
436.7335132634719, 130.66095917533474
438.0309695240134, 132.268845442411
437.9978984295823, 134.37194914693896
437.9463812681133, 136.48815363215968
438.9875314404875, 138.13937585718753
438.84758645848956, 140.17764359633426
437.37481373206805, 141.71296961485675
435.4116503819772, 142.00104774940607
433.30741761753814, 142.0128459949616
431.4362071810427, 141.51741041217048
430.0061601785371, 139.94756064923584
429.8995469016301, 137.90556381444438
428.91584229661635, 136.2207763379476
429.00273437275865, 134.09173229851012
429.00104904088164, 131.99956408234016

388.00461143897707, 158.00206962345885
387.8175330073687, 158.27511374944746
387.569245826533, 158.52464591851145
387.2820460338391, 158.7594451416065
386.97822976665606, 158.98829042968833
386.68009316235293, 159.2199607937126
386.409932358299, 159.46323524463514
386.1900434918631, 159.72689279341145
386.0427227004145, 160.01971245099742
385.98097081847664, 160.3467211427583
385.9798021277163, 160.69761237244123
386.0045285944417, 161.05816326599967
386.0204621814996, 161.41415094798987
385.9929148517372, 161.7513525429682
385.8876716726464, 162.0557652241259
385.6993967497608, 162.32681827311205
385.4678023569974, 162.58489360450835
385.2365094599424, 162.85219112871587
385.04886121922607, 163.15064685831135
384.9307952102722, 163.48566255773954
384.880837648293, 163.83660086515368
384.8949412842468, 164.1810641604965
384.96521842284983, 164.5090144342325
385.0799049756106, 164.8228889745526
385.22706547507164, 165.12567661421807
385.39476445377534, 165.42036618599
385.57106644426426, 165.70994652262965
385.7440359790812, 165.99740645689818
385.9027141465243, 166.28555523550602
386.0476929390553, 166.5750779240854
386.18711186924594, 166.86527161905076
386.32924059451733, 167.15540948351935
386.48234877229044, 167.44476468060842
386.6547060599862, 167.73261037343514
386.85458211502515, 168.0182197251167
387.0890250541553, 168.29885410962854
387.35680847083114, 168.5581473595336
387.65327287396735, 168.7740792654521
387.9737476792958, 168.92461134833582
388.31320780789207, 168.9932045288534
388.6641996438805, 169.00099447157456
389.0182517238499, 168.98490706623028
389.3665290408655, 168.98030178435513
389.69872508894, 169.01591685078284
390.00417755680763, 169.11874956071955
390.2795496134695, 169.2976022526173
390.53970669856585, 169.51606664418597
390.8022935175578, 169.73083134003383
391.084938086337, 169.89863262128617
391.3988004555787, 169.99468358223572
391.73880459018557, 170.04057838345454
392.0973576338363, 170.06484943254438
392.4662485104901, 170.08203962857502
392.83629253458827, 170.0846603529736
393.1982194468198, 170.06328656440198
393.5427589878734, 170.00849322152195
393.8606408984382, 169.91085528299539
394.1440996144131, 169.76275814269073
394.4029374386849, 169.57772468775997
394.6583268716945, 169.38295832073052
394.93163154521915, 169.20589241156654
395.24194301102904, 169.07106355498374
395.58147818700775, 168.96874468684467
395.9248937345537, 168.86682039569038
396.2489934042935, 168.73618419563434
396.5469902997166, 168.57046916198937
396.818837053692, 168.37264779631226
397.0645069264826, 168.14572118494843
397.2839731783512, 167.89269041424367
397.47720906956073, 167.61655657054354
397.6441878603741, 167.32032074019364
397.784882811054, 167.0069840095396
397.89926718186354, 166.67954746492703
397.9873142330654, 166.34101219270156
398.0489972249227, 165.99437927920883
398.0842894176981, 165.64264981079438
398.09316407165454, 165.28882487380392
398.07560732756417, 164.93590405912835
398.0363144395633, 164.5863402195369
397.99168181328093, 164.24122767911297
397.9598924781715, 163.90145333109703
397.9591294636897, 163.56790406872958
398.00757579928984, 163.24146678525096
398.1224735249103, 162.92297256542176
398.2994219216183, 162.61196889896183
398.51237751160943, 162.30671968055063
398.7343558275637, 162.00543299638758
398.93837240216055, 161.70631693267214
399.0974427680797, 161.40757957560365
399.18458245800105, 161.10742901138158
399.17535941649635, 160.80420374407328
399.075141930635, 160.49776495406093
398.9085855340037, 160.18895932158952
398.7006699759462, 159.878650093011
398.47637500580663, 159.56770051467714
398.26068037292885, 159.25697383293974
398.0785658266565, 158.94733329415064
397.95501111633365, 158.63964214466165
397.91499599130407, 158.33476363082463
397.98350020091146, 158.03356099899136

444.00103584826047, 171.00042905916834
444.0881267015819, 170.66479270470825
444.0742281214266, 170.28732912520397
444.0040596710902, 169.88656009462235
443.92234091386837, 169.48100738693017
443.873791413057, 169.0891927760944
443.9003876339211, 168.7285019224766
444.00605910432296, 168.40056252127198
444.1669080899012, 168.09547700286498
444.35840059248744, 167.8030842751704
444.5560026139136, 167.5132232461031
444.7351801560115, 167.21573282357798
444.8714146296163, 166.90045829702652
444.95148458838156, 166.56192357801604
444.9934269202547, 166.2075979694498
445.0206398714289, 165.8471711382444
445.0565216880969, 165.49033275131617
445.1244706164523, 165.14677247558197
445.2447249265657, 164.82487140066345
445.40945220170056, 164.52138626777594
445.5961226085005, 164.22698747287924
445.78207737403227, 163.93229201678224
445.9446577253632, 163.62791690029377
446.0612048895597, 163.30447912422258
446.1092219432108, 162.9526627287364
446.08599929195884, 162.57134782303257
446.02736723993166, 162.17537804870483
445.97359946484085, 161.78143752801606
445.96496964439854, 161.40621038322942
446.0417514563159, 161.06638073660767
446.2317618864288, 160.77346436722902
446.4885734807593, 160.5081726681975
446.7383657706429, 160.23985153508562
446.9072817538215, 159.93783171971435
446.95326238467067, 159.58470315490797
446.9393886898669, 159.20689730914071
446.94954506832147, 158.83951696601505
447.02655301576493, 158.50039052138797
447.1560207562355, 158.1832778283968
447.3193170254796, 157.88015526753276
447.4978105592434, 157.58299921928693
447.6728700932734, 157.28378606415046
447.8258643633157, 156.9744921826145
447.940723694161, 156.64830297386976
448.0161767648562, 156.30538836378597
448.0562545231103, 155.948420842794
448.06499469283006, 155.58007609955445
448.0464349979216, 155.20302982272747
448.0050246219911, 154.8200211065673
447.9547694089134, 154.43526171864033
447.9192838657978, 154.05444411343842
447.922604360143, 153.68332575378474
447.9887672594474, 153.32766410250247
448.14178114612906, 152.9932137712195
448.3817742824282, 152.68327886736807
448.6414162531635, 152.3942411551781
448.84154927191224, 152.12126872072798
448.90364956882314, 151.85962173089382
448.7935648084627, 151.6110045959032
448.54982872611356, 151.38767821878366
448.2177080962336, 151.20288136914536
447.8420844864693, 151.06858046282363
447.4593056158224, 150.96855426629517
447.09736258131056, 150.85897928355052
446.779072235895, 150.70212272644335
446.4935599726904, 150.51085350176598
446.2155864390866, 150.3196151374267
445.91985890135527, 150.16293133444205
445.591049162763, 150.06000316097243
445.2521506404226, 149.97110390763112
444.9351041121473, 149.84276639988207
444.6547667249997, 149.6489622977988
444.39876044410875, 149.40740698686895
444.15227383542214, 149.13972425113118
443.90089515634315, 148.86701204652627
443.63866631173795, 148.5992468369026
443.36769147633373, 148.33579848453175
443.09039618565146, 148.07561407423353
442.80920597521236, 147.81764069082797
442.52654638053735, 147.560825419135
442.2448429371481, 147.30411534397467
441.96652118056534, 147.04645755016682
441.6940066463103, 146.78679912253153
441.42972486990413, 146.52408714588864
441.17610138686814, 146.25726870505824
440.9355617327233, 145.98529088486015
440.71053144299066, 145.70710077011447
440.50343605319165, 145.42164544564105
440.31670109884726, 145.12787199625996
440.1526805328599, 144.82475701395919
440.0081712471269, 144.51356777436285
439.87053994947, 144.1994587820322
439.7262385601658, 143.88796162734056
439.5617189994901, 143.58460790066118
439.36343318771907, 143.2949291923674
439.11783304512915, 143.0244570928326
438.81701095383676, 142.77645034947395
438.49412948863426, 142.53761833826363
438.2005205642564, 142.28734903889952
437.9875968122651, 142.00499790596436

430.02760804844655, 176.00278376562258
429.79019439474416, 175.73254305833606
429.48840856024555, 175.4707831081333
429.16112715765536, 175.21675681510206
428.84722621639867, 174.96971702051698
428.58135931561486, 174.72849080894014
428.3838305236986, 174.4904583798055
428.2718984923872, 174.2526928581004
428.26280764137454, 174.01226647579557
428.3588707157476, 173.7653145484331
428.5191845560366, 173.5052607271221
428.6950728997473, 173.22504092478331
428.83791057907297, 172.91760362534652
428.9172800648388, 172.58037700340665
428.9478004307794, 172.22186975057247
428.95093289336614, 171.8522739553809
428.9481386690699, 171.48178170636905
428.9608789743626, 171.12058509207395
429.00956312320886, 170.7783606498495
429.09779976966263, 170.45655069377864
429.2156992642926, 170.1499818427712
429.3529904590395, 169.8532937382675
429.4994022058438, 169.56112602170765
429.6446633566464, 169.26811833453195
429.7785027633878, 168.96891031818052
429.89155732007777, 168.65870479027473
429.98022345934334, 168.3362766881362
430.0431487010766, 168.00179709445516
430.0789857536893, 167.65544030989048
430.086387325594, 167.29738063510123
430.06406339208587, 166.92781267419056
430.0165304367153, 166.54898967509916
429.95902357171417, 166.1669650765046
429.90793489043193, 165.7882025140466
429.8796564862173, 165.41916562336468
429.8905804524193, 165.0663180400985
429.95535222955743, 164.73542291996026
430.06985939515937, 164.42472074083733
430.218583917719, 164.12787786030336
430.3858466394575, 163.8384960176414
430.55596840259614, 163.55017695213468
430.71327004935586, 163.2565224030662
430.84207242195805, 162.95113410971925
430.93020473989026, 162.62904714562205
430.9816385937255, 162.29189148887536
431.0049852784424, 161.94319265124304
431.0088564989129, 161.58647631194944
431.0018639600094, 161.22526815021914
430.9925969732515, 160.86308504804214
430.9886215541861, 160.50304188532084
430.99607860803246, 160.14769368699658
431.0210035098373, 159.79955402045528
431.06943163464746, 159.46113645308247
431.147398357509, 159.13495455226382
431.2594061096799, 158.82288551452658
431.3984009480202, 158.52200913942139
431.55205916487705, 158.22721758948845
431.70803020068246, 157.933391880234
431.85396349586796, 157.63541302716428
431.9775084908656, 157.3281620457854
432.06631537054204, 157.006520260099
432.11245250676836, 156.66719989937056
432.122827897431, 156.3130627626693
432.10746170334545, 155.9482603354186
432.07637408532696, 155.5769441030417
432.039585204191, 155.20326555096187
432.0069126829838, 154.83129225098597
431.9830137714696, 154.4629537757381
431.9670900160706, 154.09791934018088
431.9580813020744, 153.73574975020242
431.9549275147684, 153.37600581169056
431.9565685394402, 153.01824833053337
431.96194426137714, 152.66203811261866
431.9699945658666, 152.30693596383452
431.97965933819637, 151.95250269006888
431.9898784636535, 151.59829909720966
431.99959182752576, 151.24388599114494
432.00774623612193, 150.88882704505662
432.0137496701129, 150.53287699099772
432.01775266025294, 150.17609819039544
432.0199729672243, 149.81858085721
432.02062835170915, 149.4604152054016
432.01993657438953, 149.10169144893038
432.0181153959478, 148.74249980175654
432.015382577066, 148.3829304778403
432.0119558784264, 148.0230736911418
432.00805306071135, 147.6630196556213
432.0038918846026, 147.3028585852388
431.99969011078264, 146.9426806939547
431.99566549993364, 146.58257619572913
431.9920358127376, 146.2226353045222
431.9890188098768, 145.86294823429415
431.98683225203354, 145.50360519900516
431.9856938998899, 145.14469641261547
431.985821514128, 144.7863120890852
431.9874328554299, 144.42854244237446
431.99074568447816, 144.0714776864436
431.99597776195475, 143.71520803525274
432.0033468485417, 143.35982370276201
432.0130707049214, 143.00541490293165

405.9632572162723, 181.9869544052801
405.83243098509024, 182.2301312119828
405.687845979802, 182.45608085165227
405.5302475201412, 182.66529098928717
405.3603809258421, 182.85824928988637
405.1789915166387, 183.0354434184486
404.9868246122647, 183.19736103997255
404.78462553245436, 183.34448981945707
404.57313959694153, 183.4773174219009
404.3531121254601, 183.59633151230287
404.1252884377443, 183.70201975566172
403.8904138535277, 183.79486981697613
403.64923369254456, 183.87536936124496
403.4024932745287, 183.94400605346692
403.15093791921436, 184.00126755864088
402.89531294633514, 184.0476415417655
402.6363636756252, 184.0836156678396
402.3748354268185, 184.1096776018619
402.11147351964894, 184.12631500883123
401.84702327385054, 184.13401555374634
401.5822300091573, 184.13326690160596
401.3178390453031, 184.12455671740895
401.05459570202197, 184.10837266615394
400.79324529904784, 184.08520241283975
400.53453315611483, 184.05553362246528
400.27920459295655, 184.01985396002905
400.02800492930743, 183.97865109053006
399.78161653071874, 183.9321461173406
399.5403797504734, 183.87911198990497
399.304519350864, 183.81783222040812
399.0742600035872, 183.74658993743446
398.8498263803397, 183.6636682695684
398.6314431528186, 183.56735034539437
398.4193349927205, 183.45591929349678
398.2137265717423, 183.32765824246
398.01484256158113, 183.1808503208685
397.8227307929385, 183.01430553745107
397.63541018002405, 182.83287885570357
397.44960330100923, 182.64528754333173
397.26201168941884, 182.4603115684716
397.0693368787777, 182.2867308992594
396.86830475694825, 182.13327149237728
396.6582045800092, 182.0029744344386
396.44311005264655, 181.88827017543264
396.22761844186203, 181.78042804314998
396.01620550691257, 181.67092610278004
395.80961467288955, 181.55765417316755
395.60424720668584, 181.44596143972404
395.39626002631474, 181.34161685328277
395.18181004978953, 181.25038936467712
394.95705423386636, 181.17804780598377
394.71905392072546, 181.12758886649243
394.46811567220783, 181.09206191431778
394.20527367865554, 181.0622859741314
393.9315749562745, 181.02909339388773
393.65036248675347, 180.98570153025602
393.3699081872635, 180.9304478317223
393.0991218742006, 180.86233238531094
392.84691336396116, 180.78035527804636
392.6221924729415, 180.68351659695304
392.4338690175378, 180.5708164290553
392.2908528141463, 180.44125486137756
392.2020536791634, 180.2938319809443
392.1763814289851, 180.1275478747798
392.2183007185953, 179.94201721596406
392.3137067981321, 179.73942207529677
392.4436467073794, 179.5226148350022
392.58916747206126, 179.29444787924834
392.7313161179022, 179.05777359220318
392.85185716119184, 178.81536626544104
392.9442017063126, 178.56873256094616
393.01121635288484, 178.31834999247005
393.0560409967748, 178.06466632785023
393.0818155338492, 177.8081293349241
393.09167985997414, 177.54918678152913
393.0887738710162, 177.28828643550278
393.0762374628418, 177.02587606468256
393.05721053131737, 176.76240343690586
393.0348329723092, 176.49831632001022
393.0122446816837, 176.23406248183295
392.99258466868, 175.97008956730247
392.97813482893, 175.70672640349736
392.9687203876397, 175.44396126019475
392.96372919478915, 175.18172177578836
392.962549100358, 174.91993558867168
392.96456795432584, 174.65853033723837
392.969173606673, 174.39743365988215
392.9757539073787, 174.13657319499643
392.9836967064231, 173.87587658097496
392.99238985378565, 173.61527145621127
393.0012211994466, 173.3546854590991
393.00957859338536, 173.0940462280319
393.01684988558185, 172.83328140140338
393.02242292601596, 172.5723186176072
393.0256855646671, 172.31108551503684
393.02602565151557, 172.04950973208594
393.0228310365409, 171.7875189071482
393.0154895697228, 171.52504067861716
393.00338910104114, 171.26200268488643
392.98591748047585, 170.99833256434968

410.9996274051061, 183.0108762776797
411.2000301404225, 183.01429621983957
411.40820083980435, 183.01023641732775
411.6225962465176, 183.0008265253958
411.8416731038281, 182.98819619929532
412.0638881550021, 182.97447509427792
412.28769814330565, 182.96179286559527
412.51155981200475, 182.9522791684989
412.73392990436537, 182.94806365824041
412.9532651636536, 182.95127599007142
413.1680223331355, 182.9640458192436
413.37665815607716, 182.98850280100845
413.57762937574466, 183.02677659061766
413.7693927354039, 183.08099684332277
413.9504049783211, 183.1532932143754
414.119767893278, 183.24424703819494
414.2795616485186, 183.34729056149274
414.43272545627855, 183.45379404360884
414.5821986102677, 183.55512754831736
414.73092040419635, 183.6426611393926
414.88183013177405, 183.7077648806087
415.03784128224976, 183.74189043431414
415.20028169556537, 183.74150358507285
415.36799971637447, 183.71091074926557
415.53962783824886, 183.65510090511228
415.7137985547599, 183.57906303083263
415.8891443594788, 183.48778610464657
416.0642977459777, 183.38625910477396
416.2379775755495, 183.27918642724433
416.4097702763205, 183.16841382987556
416.5797633516781, 183.05413602432742
416.7480503769859, 182.93652771505717
416.91472492760806, 182.81576360652244
417.0798805789083, 182.69201840318064
417.2436109062506, 182.56546680948927
417.4060094849987, 182.43628352990578
417.56716989051677, 182.30464326888767
417.7271856981685, 182.1707207308924
417.8861504833179, 182.03469062037746
418.0441578213288, 181.8967276418003
418.2013012875653, 181.75700649961848
418.35767445739106, 181.6157018982894
418.51337090616994, 181.4729885422705
418.66848420926607, 181.32904113601938
418.8231079420431, 181.18403438399335
418.9773356798652, 181.03814299065
419.13126099809614, 180.89154166044682
419.28497747209974, 180.7444050978412
419.43857867723995, 180.5969080072907
419.59215818888083, 180.44922509325272
419.74580958238613, 180.30153106018483
419.8996264331196, 180.1540006125444
420.0537017805124, 180.0068080105584
420.207922231348, 179.8599564040547
420.36165674631496, 179.71301987008235
420.5141944509086, 179.56550631092588
420.6648244706236, 179.41692362886948
420.81283593095486, 179.26677972619748
420.95751795739716, 179.11458250519422
421.09815967544546, 178.959839868144
421.23405021059483, 178.80205971733128
421.3644786883399, 178.64074995504026
421.4887342341756, 178.47541848355527
421.60610597359704, 178.30557320516073
421.7158830320989, 178.13072202214087
421.8173545351761, 177.9503728367801
421.91019170614584, 177.7643273816029
421.99604419991476, 177.57390878757082
422.07720007737305, 177.38093111485904
422.15594771368, 177.1872086653133
422.2345754839952, 176.99455574077967
422.31537176347774, 176.80478664310385
422.40062492728725, 176.61971567413184
422.492623350583, 176.44115713570932
422.5936554085243, 176.2709253296823
422.70600947627065, 176.11083455789662
422.83197392898126, 175.96269912219805
422.9736589267696, 175.82818564083362
423.1306063655894, 175.7068324577967
423.3004302156512, 175.59658027973998
423.4806976107749, 175.4953310008427
423.66897568478004, 175.4009865152842
423.8628315714867, 175.31144871724365
424.0598324047144, 175.22461950090027
424.25754531828306, 175.13840076043334
424.45353744601243, 175.0506943900221
424.64537592172246, 174.9594022838458
424.8306278792326, 174.86242633608367
425.00688666749795, 174.75769761642312
425.1736976703788, 174.6453196651517
425.33387276243985, 174.52903138532747
425.4905349711163, 174.41291797015973
425.6468073238432, 174.3010646128578
425.80581284805527, 174.19755650663078
425.9706745711877, 174.10647884468796
426.14451552067544, 174.03191682023862
426.3304587239536, 173.97795562649202
426.53162720845694, 173.94868045665734
426.75114400162073, 173.9481765039439
426.9921321308797, 173.98052896156085

395.9999108079641, 194.99975940963665
396.11229752936634, 194.70269476962443
396.24952052957485, 194.46553809283859
396.40905300334106, 194.28219621781858
396.58836814541746, 194.14657598310447
396.7849391505563, 194.05258422723594
396.99623921350934, 193.9941277887529
397.2197415290287, 193.96511350619497
397.4529192918667, 193.9594482181021
397.69324569677514, 193.97103876301395
397.9381939385061, 193.9937919794704
398.1852372118119, 194.02161470601115
398.43184871144445, 194.04841378117607
398.67550163215594, 194.068096043505
398.9136691686984, 194.07456833153765
399.14389978527464, 194.06191881039277
399.3654587135203, 194.02837139431475
399.57931997393365, 193.9762665260375
399.7865312607394, 193.90812213072044
399.9881402681618, 193.82645613352304
400.18519469042565, 193.73378645960477
400.3787422217551, 193.63263103412498
400.56983055637494, 193.52550778224324
400.75950738850963, 193.4149346291189
400.9488204123836, 193.30342949991152
401.1388140976585, 193.19350261159667
401.3301427418927, 193.0867314909093
401.522702870378, 192.98288224138972
401.71630394520963, 192.88151284561548
401.91075542848256, 192.78218128616396
402.1058667822921, 192.68444554561273
402.3014474687335, 192.58786360653934
402.4973069499016, 192.49199345152115
402.6932546878917, 192.39639306313572
402.8891001447991, 192.30062042396054
403.0846527827187, 192.20423351657305
403.2797220637459, 192.10679032355088
403.47411744997555, 192.0078488274713
403.66764840350305, 191.906967010912
403.86012438642354, 191.80370285645037
404.0514389183955, 191.69780832096222
404.2422127890246, 191.59071363597343
404.43343942194156, 191.48470893687153
404.6261152661231, 191.38209134044558
404.8212367705468, 191.2851579634849
405.0198003841898, 191.1962059227784
405.22280255602965, 191.1175323351155
405.43123973504333, 191.05143431728513
405.6461083702084, 191.00020898607653
405.868404910502, 190.9661534582788
406.0990413220797, 190.95137695082383
406.3369864661967, 190.9536669839265
406.579266099208, 190.96648938108433
406.82282149464646, 190.9831220659379
407.06459392604546, 190.99684296212763
407.301524666938, 191.00092999329397
407.53055499085724, 190.98866108307735
407.7486261713362, 190.95331415511816
407.9526794824552, 190.88816713417216
408.1411898646332, 190.7896243781549
408.318636876289, 190.66633087148088
408.49096940481655, 190.52992687772957
408.6641363376098, 190.39205266048063
408.84408656206296, 190.26434848331357
409.0367689655604, 190.15845460979034
409.24645550070414, 190.0828851115484
409.47074621815125, 190.03371610127505
409.7055821045525, 190.00393081496847
409.9469041465591, 189.9865124886271
410.19065333082165, 189.9744443582491
410.4327706439914, 189.96070965983284
410.66919707271904, 189.9382916293766
410.8958736036559, 189.90017350287877
411.10885713371465, 189.83954222570495
411.30676196811623, 189.7540793239421
411.4907009419302, 189.64585742698802
411.6618910227933, 189.51713217460636
411.8215491783428, 189.37015920656094
411.9708923762154, 189.2071941626153
412.1111375840482, 189.03049268253326
412.2435017694779, 188.84231040607838
412.36920190014166, 188.6449029730144
412.48945494367626, 188.44052602310495
412.60547786771883, 188.2314351961138
412.71848763990613, 188.0198861318046
412.8297012278751, 187.808134469941
412.94033559926265, 187.59843585028665
413.05160772170603, 187.39304591260537
413.1647345628418, 187.19422029666072
413.2809203966791, 187.0041986662529
413.39986042234375, 186.82332139166326
413.51833332467385, 186.64825817265498
413.6327846914393, 186.47525947922958
413.73966011041, 186.30057578138877
413.8354051693555, 186.12045754913427
413.9164654560458, 185.93115525246765
413.9792865582505, 185.72891936139058
414.0203140637394, 185.51000034590467
414.03599356028246, 185.27064867601166
414.02277063564935, 185.0071148217132

417.0022919041215, 296.0009492197734
417.97596704036687, 294.30258101042784
419.25708722819485, 292.73157960580846
420.8271756514719, 291.28012603818587
420.9720642785573, 289.23878822972205
422.0454945496746, 287.58202639713295
421.99489997857745, 285.45721509956695
422.0016279933109, 283.3603141000013
421.9940338518668, 281.25926236157113
421.98145473661685, 279.1638285016136
420.99999348009993, 277.4685043593484
419.9876495587706, 275.7861581893166
419.8614265764887, 273.73680773245525
418.21207197783485, 272.31806447845594
417.596179596004, 270.47188452641694
416.00212365581376, 269.0293068989154
414.542313983545, 267.5365389538663
413.053028667944, 266.03033122152954
411.38391979989655, 265.0003165621965
409.80704222827717, 263.7305486125283
408.0240904757242, 262.9613422845341
406.5593960232731, 261.42357940251895
404.7097360533359, 260.81513726323453
403.284651263771, 259.1817037168389
401.43852643265717, 258.564745731304
399.96124101487874, 257.0573312625871
398.1940366020129, 256.24984316199465
396.4408915621762, 255.408412706355
394.49477340029415, 255.03286056746
392.8014718430815, 254.04695547031528
391.0866275809535, 253.11305655560972
389.04901918008517, 252.95838012400085
387.34677271979234, 251.9941221293276
385.7842888458778, 250.69221371821527
383.98811068282106, 249.95507879162034
382.53589610379487, 248.38633111155863
380.5750621220783, 248.048594839394
378.8827079528275, 247.05325952977344
377.12140939903765, 246.21229806836865
376.00154744878205, 244.52636608926727
374.9198735525292, 242.87742703326418
373.336517143384, 241.43215597188305
372.6381320862545, 239.6195013751282
371.9458362884153, 237.80467367221394
371.9973300920019, 235.68163341386756
371.99726162821923, 233.58001001354737
372.0437803130806, 231.45904528758905
370.99357829949304, 229.79168222748152
370.998992414462, 227.69127483388237
371.00829700679077, 225.58501707797612
370.9961288061562, 223.48170645768676
370.9928531389687, 221.38181084386568
371.0008957255265, 219.28344906836415
371.00904470525114, 217.18359337531052
371.0059960331225, 215.0792082583717
370.98044566411994, 212.96725821121416
371.1309347075276, 210.93039089145182
372.0541982679293, 209.20947971098244
371.95598469345555, 207.06725675369665
372.70448141256793, 205.27562713215133
373.51861711348226, 203.51117677397676
373.9607131973544, 201.5925988817855
374.96556293432405, 199.90724429644297
375.0055311469077, 197.82182219786716
375.2443145406294, 195.8172019050184
375.98880685644167, 194.03680014552714
376.8254932395878, 192.21439167060834
375.74264993037207, 190.7705293629201
374.29511312620673, 189.22027424572198
372.4536760384124, 188.57528258092128
371.0109087415598, 186.9918402446742
369.52444019571107, 185.5097183355933
368.02949464713953, 184.04212958960318
366.5435760955475, 182.55126632523914
365.0623225311132, 181.05531087702005
363.5808641171505, 179.57298920729664
362.0658718779891, 178.09766246484904
360.9899073537012, 176.4423002701333
360.0424477141981, 174.7328168159648
359.09744447645613, 173.02271768808802
359.0068626710732, 170.95754181791585
358.9938783417509, 168.86303605140955
359.0054634605624, 166.75693108907353
358.9876513973829, 164.6515420976807
359.3204195451584, 162.68754696599834
360.10028874326554, 160.908630806335
361.6586276492302, 159.45248549984274
362.34468466046127, 157.63497433904317
363.0407669342396, 155.82162390609264
363.2284991677937, 153.7977083987603
364.0660717484171, 152.0429653482381
365.47405934191534, 150.52449596376258
366.9872135143104, 149.04958800318542
368.00457708485413, 147.3693168506252
369.02857772329986, 145.69179486178842
369.2690531901354, 143.68972612037524
370.04972918907913, 141.9114157657644
370.1643588828256, 139.85721999837315
371.05049827856124, 138.1225940130483
371.0030362870045, 136.00125767125658

421.99566539171775, 98.01046464568122
422.739547814734, 97.9748467327832
423.4785065313279, 97.95111556198273
424.11852386771415, 98.16624967399387
424.6516995556161, 98.63932226770378
425.23277283681375, 98.996760899165
425.93821532688935, 99.05394659304682
426.6932783283487, 98.99133652604871
427.43326856777225, 98.96511304107202
428.10077304322544, 99.11388275191686
428.6666426491461, 99.50802028718375
429.16427475656894, 100.06690657645368
429.63545092074503, 100.68968225669656
430.1219431881617, 101.27550978467468
430.6649115177322, 101.72495617656705
431.30227612026533, 101.94630372937897
431.9749089151418, 102.08255491348652
432.54066284002664, 102.47743800364994
433.0341328409678, 103.04691615998262
433.5347045453411, 103.59855010748893
434.12164502554896, 103.9401904424907
434.8020472569263, 104.05615611075422
435.41027038841304, 104.35238884000056
435.9310493927504, 104.8611508638236
436.4332259983386, 105.4073378238176
436.9381892267446, 105.94058418318542
437.4470768828844, 106.46371642223042
437.96095628668417, 106.97974615772793
438.4806126269774, 107.49146194213077
439.0054923435313, 108.00059385840167
439.53464519603426, 108.50855835809107
440.0671143825916, 109.01677437486755
440.57207354861185, 109.53829154056916
440.92018585232444, 110.12451494978201
441.09471381953824, 110.78090920932358
441.3980806380959, 111.38387715266602
441.7750394670655, 111.95685187197248
442.0153153672462, 112.58662414527595
442.32076860775635, 113.18932899169059
442.74964506503864, 113.74077789351527
442.99331395894416, 114.3689351865902
443.0164487703294, 115.08847879462365
443.0119499392957, 115.81947334457861
443.00888270843234, 116.54987432039607
443.0066231529878, 117.27994024346313
443.00454734821056, 118.00992963516694
443.002031369349, 118.74010101689447
442.99845129165175, 119.47071291003296
442.9931831903672, 120.20202383596948
442.9856031407437, 120.93429231609107
442.97508721803007, 121.66777687178492
442.9692143813541, 122.3993382774669
443.13941041661616, 123.05796970523411
443.6039564278523, 123.59467750703615
443.9740058517087, 124.17052707767793
444.0144824598947, 124.8828900936094
443.98331664188197, 125.62492832559717
444.1915327864297, 126.26781130405746
444.70202868897013, 126.78548592730327
445.3136182685718, 127.26128618252318
445.81230317259883, 127.78385307194554
446.012117006591, 128.43021639187228
446.150202332317, 129.1021486403173
446.5609587882967, 129.6611369567299
447.10548634897503, 130.16471502458555
447.65296956668806, 130.66706827605537
448.1927719604724, 131.17260338227462
448.7264852647012, 131.6806620231757
449.2540858834653, 132.19125484801577
449.7151515932732, 132.72940586062967
449.98155897626395, 133.34817664947232
450.173766658604, 133.99768053665798
450.5378495123171, 134.57601212082875
450.8801268529849, 135.16339980605937
451.09146924385766, 135.8049980097693
451.4380949244234, 136.39040789492296
451.8376616776146, 136.95391787466093
452.0504735028966, 137.59508004304513
452.07313524378884, 138.31513386941367
451.9959736427983, 139.07632650825914
451.91726175364175, 139.83771024974504
451.9580779174031, 140.5491778498857
452.2399771269007, 141.1605092990516
452.69764928396665, 141.7004939476443
453.0022732100238, 142.3090379783254
453.0506692340385, 143.0202213762146
453.0137675586659, 143.7497305646309
452.9749140266114, 144.48545855643172
452.9933749776774, 145.2325942075544
453.0518873140786, 145.9783688147155
453.0051253220174, 146.67996390445828
452.7099140038323, 147.2956401097784
452.273997944988, 147.85258101752294
451.99112666608715, 148.43220846111444
451.7851226518649, 149.05710460383912
451.4305287655072, 149.69179927986747
450.938058861754, 150.2725833774374
450.3462058719001, 150.73262405970573
449.6934627272402, 151.00508848982926
449.0183223590688, 151.0231438309647

388.06824275101724, 181.06447866930293
387.9509933002648, 181.15697462395167
387.8342723196328, 181.25018433216442
387.7180777313487, 181.34409530856496
387.6024074576391, 181.43869506777654
387.48725942073105, 181.53397112442292
387.3726315428515, 181.6299109931275
387.2585217462277, 181.7265021885141
387.14492795308627, 181.82373222520596
387.0318480856544, 181.9215886178268
386.91928006615893, 182.02005888100015
386.8072218168268, 182.11913052934943
386.69567125988533, 182.21879107749842
386.58462631756106, 182.31902804007046
386.47408491208125, 182.41982893168927
386.3640449656728, 182.52118126697826
386.2545044005625, 182.62307256056098
386.1454611389777, 182.7254903270611
386.03691310314485, 182.82842208110205
385.92885821529154, 182.9318553373075
385.82129439764446, 183.0357776103009
385.71421957243035, 183.14017641470582
385.6076316618766, 183.24503926514586
385.50152858820985, 183.35035367624445
385.3959082736573, 183.4561071626253
385.29076864044583, 183.5622872389119
385.1861076108024, 183.66888141972774
385.08192310695415, 183.77587721969635
384.9782130511278, 183.88326215344145
384.8749753655505, 183.99102373558637
384.77220797244917, 184.09914948075487
384.6699087940508, 184.20762690357034
384.5680757525822, 184.31644351865637
384.46670677027066, 184.42558684063658
384.3657997693429, 184.53504438413444
384.26535267202604, 184.64480366377347
384.1653634005471, 184.75485219417737
384.06582987713284, 184.86517748996954
383.96675002401037, 184.97576706577362
383.8681217634066, 185.08660843621308
383.76994301754866, 185.19768911591154
383.67221170866344, 185.30899661949258
383.57492575897777, 185.42051846157955
383.47808309071877, 185.53224215679623
383.38168162611356, 185.64415521976616
383.2857192873888, 185.7562451651127
383.1901939967716, 185.8684995074595
383.0951036764892, 185.9809057614302
383.000446248768, 186.09345144164823
382.90621963583544, 186.20612406273716
382.8124217599185, 186.31891113932062
382.71905054324384, 186.43180018602206
382.62610390803866, 186.54477871746505
382.53357977652996, 186.65783424827316
382.44147607094453, 186.77095429307
382.34979071350955, 186.88412636647902
382.25852162645185, 186.9973379831238
382.1676667319985, 187.1105766576279
382.07721752694147, 187.22382400175272
381.98713674919617, 187.33703520730754
381.89737909389993, 187.45015807743263
381.8078992558114, 187.56314041492098
381.71865192969, 187.6759300225657
381.6295918102948, 187.78847470315975
381.54067359238485, 187.90072225949626
381.45185197071925, 188.01262049436818
381.36308164005726, 188.12411721056873
381.27431729515797, 188.23516021089088
381.1855136307803, 188.3456972981276
381.09662534168353, 188.45567627507205
381.0076071226268, 188.56504494451724
380.9184136683691, 188.67375110925624
380.8289996736696, 188.78174257208204
380.7393198332874, 188.8889671357878
380.64932884198186, 188.9953726031665
380.55898139451165, 189.10090677701112
380.4682321856362, 189.20551746011486
380.3770359101146, 189.30915245527072
380.28534726270584, 189.4117595652717
380.19312093816916, 189.51328659291096
380.1003116312636, 189.61368134098137
380.0068740367483, 189.71289161227617
379.9127628493824, 189.81086520958831
379.8179327639249, 189.90754993571085
379.722338475135, 190.0028935934369
379.62593467777197, 190.09684398555942
379.5286760665947, 190.18934891487157
379.4305173363624, 190.2803561841663
379.33141318183414, 190.36981359623672
379.2313182977691, 190.45766895387584
379.1301873789263, 190.54387005987678
379.02797512006504, 190.62836471703253
378.92463621594425, 190.71110072813616
378.8201253613231, 190.79202589598071
378.71439725096064, 190.87108802335925
378.6074065796163, 190.94823491306485
378.4991080420488, 191.02341436789052
378.3894563330174, 191.09657419062933
378.2784061472812, 191.16766218407432
378.16591217959945, 191.23662615101856

342.99012169178576, 103.99590824985076
342.52603999556686, 104.58259568550007
341.92981970080746, 105.11454916761596
341.2921510566008, 105.62933406951481
340.70372431204, 106.16451576451291
340.2552297162183, 106.75765962592669
340.02267023534455, 107.4402472473874
339.81736808285916, 108.13412393637611
339.38985207355734, 108.73595473271041
338.79842797347015, 109.2698951776962
338.146132168986, 109.77862519527888
337.54818901329594, 110.30986836903236
337.12047543292596, 110.91161833231315
336.95503456088204, 111.62199829061585
336.9799333346162, 112.41122303158579
337.0537766946069, 113.22074039348497
336.98027066002817, 113.96923401907631
336.54384608091095, 114.56736076262177
335.89023709625, 115.07544622107687
335.27527427079195, 115.59954348272139
334.9713663384924, 116.25286187203842
334.99541131399053, 117.0420755786537
335.03540212580157, 117.83701109807947
334.96775227550813, 118.5872276511547
334.72058708469683, 119.26403368055398
334.3408535519635, 119.88680890814474
333.99803004807853, 120.5245051536634
333.8635308912514, 121.24685986247414
333.9552747128819, 122.0616113105929
334.0857941952435, 122.89353936324014
334.0532762166871, 123.66162940407577
333.67555599028304, 124.29240648877095
333.1521514168064, 124.85885909184094
332.9647445538876, 125.54424977939114
332.999753833421, 126.3220511436973
333.01241451019035, 127.10979835868264
333.0021644561234, 127.899731183616
332.982642245889, 128.6884433893134
332.9674864541559, 129.47252874659063
332.97020541254085, 130.24862346902486
332.9944284830877, 131.01658306473342
333.0271503910847, 131.78168382938568
333.0537683877956, 132.5497226331266
333.05967972448445, 133.32649634610115
333.03032709516117, 134.1177833076654
332.9664491118761, 134.92312443860152
332.9062310657714, 135.7267905326502
332.8934829429615, 136.5107587273755
332.9720147295606, 137.25700616034152
333.1856359132322, 137.94751017384908
333.5611033069487, 138.57125243858746
334.06315948367245, 139.142686764346
334.64245416163925, 139.68205555327376
335.2496370590853, 140.20960120751985
335.83535789424633, 140.74556612923325
336.35084763872715, 141.3099889808074
336.75657559865743, 141.91967022229412
337.02041006733816, 142.5888168357199
337.11280769070333, 143.3305271979484
337.0629030448914, 144.13236941648256
336.96077436533153, 144.95539552997036
336.8993338995706, 145.75942452244354
336.97149389515516, 146.50427537793357
337.2669957044654, 147.1513034717228
337.7064609868234, 147.74380760613246
337.9814929302277, 148.4344763547594
338.1872207696559, 149.14973442668727
338.6146372580254, 149.72265409543186
339.1950969547718, 150.21742799521851
339.81709052503277, 150.7256554427959
340.3767294943753, 151.32985386003347
340.8758139650492, 151.98658999011013
341.393437292582, 152.56031903478546
342.0104597669807, 152.9133905132199
342.76982560288286, 152.98040012117275
343.5573565236477, 152.99532842327238
344.2232181320551, 153.25973406589065
344.79158864166186, 153.73110663350835
345.4798697568446, 153.98553223594521
346.2124930622092, 154.18606351491437
346.7634469757915, 154.67835220080556
347.0391386714401, 155.36268640436703
347.0716503697392, 156.1394567302768
347.00515357198105, 156.9498276760469
346.9655970402718, 157.74585815029565
346.9681474798882, 158.52381449073502
346.994619596615, 159.29327210511005
347.02682139544316, 160.06380907510774
347.0465608813647, 160.84500348241556
347.0104052455243, 161.62962778274746
346.7075984011132, 162.29649744396306
346.2197130281045, 162.86521677806547
345.9483343095521, 163.52458986058758
345.93591945665673, 164.29811303871207
346.00655320390433, 165.1082500865781
346.0315928636272, 165.89825720934846
346.0165408881062, 166.6705617126596
345.98914919846834, 167.4374050896546
345.9771697158406, 168.21102883347666
346.0083543613498, 169.00367443726884

333.9940314943359, 132.01430067381557
334.36860992236086, 131.98150244162215
334.73587407522734, 131.9662255956811
335.097311173901, 131.96490786648434
335.45440843934824, 131.97398698452392
335.8086530925344, 131.9899006802917
336.16153235442573, 132.0090866842796
336.514533445988, 132.02798272697962
336.869143588187, 132.04302653888368
337.22685000198857, 132.05065585048368
337.58913990835885, 132.04730839227162
337.9575005282635, 132.02942189473941
338.3325998448161, 131.99539504112144
338.71088837433655, 131.9537215719674
339.08746331548025, 131.91613457031895
339.4574212408245, 131.89436861781698
339.81585872294625, 131.90015829610235
340.1579526226781, 131.94504759571052
340.4825316215512, 132.03191168578445
340.7935003069361, 132.15157637029898
341.09513808741013, 132.29397768936417
341.39172437155105, 132.4490516830902
341.6875385679363, 132.60673439158714
341.9868600851436, 132.7569618549652
342.2933180133518, 132.89111115542985
342.6034556939942, 133.0162607027942
342.90946055681434, 133.14914118200932
343.20519536984773, 133.30298143595965
343.49354197343024, 133.47211698063586
343.7802974174872, 133.64477649466343
344.07126021373796, 133.80918559447366
344.37063865087515, 133.95709295411498
344.6761850845531, 134.09455003642353
344.98401377299706, 134.2312374251389
345.290238974237, 134.37683570443264
345.59097494630316, 134.54102545847638
345.88233594722567, 134.73348727144182
346.16038635325793, 134.96380710612831
346.41749485840427, 135.23456053899983
346.63985642122964, 135.53661210978967
346.813079222488, 135.85971329199052
346.9235176357897, 136.1935717330377
346.9889492581565, 136.52604950388772
347.0694263551354, 136.84252576237043
347.22342390171696, 137.12959796049145
347.44535764583776, 137.39346069990668
347.6823369131641, 137.65478067441674
347.8803646047156, 137.93456305785648
347.99069422735175, 138.25168532889754
348.0193454681322, 138.60283214879698
348.00490419121667, 138.9714914354997
347.98634521819787, 139.34114569761843
348.00243340296, 139.69612295457452
348.0918133417254, 140.02103617885035
348.2707339331169, 140.30925811648117
348.498716548913, 140.57634952021928
348.7264365601292, 140.84133110547137
348.90479531146053, 141.1231451968972
349.0160949388919, 141.42984111835702
349.1059370547832, 141.74750947170196
349.2261726474463, 142.05999372813238
349.3917409851053, 142.36178772067
349.5771955375313, 142.65903804099867
349.7550360900337, 142.95848384279972
349.89868026165794, 143.266651516295
349.9986492155423, 143.58610267130962
350.06059971264386, 143.91589032779885
350.0907109139478, 144.25494640792832
350.0951619804391, 144.6022028338636
350.08013207310256, 144.95659152777014
350.05180035292324, 145.31704441181358
350.0163459808862, 145.68249340815942
349.9799481179764, 146.05187043897322
349.94878592517875, 146.42410742642056
349.92903856347823, 146.79813629266695
349.9266843625113, 147.1728877086222
349.94217055580845, 147.54725788436215
349.969853510437, 147.9201050815461
350.0037764817749, 148.29028561102848
350.03798272519964, 148.65665578366358
350.06651549608915, 149.0180719103059
350.0834180498211, 149.37339030180976
350.08273364177336, 149.72146726902955
350.0585055273235, 150.06115912281956
350.0047769618493, 150.3913221740342
349.91559120072856, 150.71081273352794
349.7852233548938, 151.0185526661654
349.61817089197694, 151.31635406938366
349.43295557367645, 151.60999421936566
349.2491153192094, 151.9055376970367
349.0861880477931, 152.20904908332218
348.9637116786447, 152.5265929591475
348.90122413098186, 152.86423390543825
348.91411666204306, 153.22661273525844
348.9733843713603, 153.6031267181105
349.02309028577906, 153.97392592183778
349.0069195177688, 154.3190306563371
348.8685571797985, 154.6184612315052
348.5516883843372, 154.85223795723883
347.9999982438541, 155.00038114343477

600.9934174725588, 156.01589162702342
599.6918888708964, 155.68168112788697
598.5441284533863, 154.9762413931095
597.1074854153512, 154.96822599873775
595.6478858434472, 155.01563257977602
594.2085690480075, 155.0140722067916
592.7782931753304, 154.99068511545684
591.3405915999746, 154.98522525624114
589.8922906792272, 155.00535448042237
588.444888562723, 155.02331379920915
587.0106405260708, 155.0095163600152
585.6934870305643, 154.7130276915068
584.5396063111683, 154.02236367254918
583.3800012101118, 153.3455195334326
582.1002907586615, 152.95863536014838
580.6445257417406, 152.99678450654085
579.2003129725395, 153.00704405981162
577.7588715113011, 153.01061308381523
576.327089505029, 152.99086212063364
574.8912239335127, 152.9809697560473
573.4351279783062, 153.01991785813803
571.9849805804065, 153.04450487250193
570.7034670842659, 152.66197363416381
569.5434899249935, 151.98602772303656
568.1030997401368, 151.98705874133896
566.6537440435061, 152.00973441976248
565.2193449620853, 151.99630163489863
563.7757850708799, 152.00498500125772
562.3430822226163, 151.9874571473017
560.8916913947747, 152.01504606709534
559.4522669412207, 152.01374560379003
558.3062270163783, 151.3041522322821
556.9970773037876, 150.98834072250898
555.5553082890846, 150.99270053052717
554.1143523396412, 150.99509742536907
552.673843623919, 150.9964146024965
551.2334163103793, 150.99753525737145
549.7927045674835, 150.99934258545574
548.3513706900161, 151.00265187925976
546.9099068066378, 151.00627503509736
545.4697513615769, 151.00673934140326
544.0323943477932, 151.00044763696587
542.5977199646256, 150.98767948931268
541.1587379802987, 150.98531081080023
539.7067186753375, 151.0144170085803
538.2542073260989, 151.044711106327
536.9122586708448, 150.80808324876367
535.7861321825961, 150.05041458855393
534.385237304828, 149.95609550083634
532.8963705805812, 150.07415923799383
531.644774918062, 149.61939995996926
530.4733117176745, 148.97118380508047
529.0351308794808, 148.9668809887071
527.554358674092, 149.0654028286546
526.176902760733, 148.91449707517168
525.0484072053637, 148.16254784893547
523.6773920970038, 147.99609261667035
522.4479426613868, 147.48786761730355
521.2347638515918, 146.94036185240813
519.7692765501318, 147.00198266999192
518.3246936078588, 147.01313590011537
516.8917365145601, 146.99622184797025
515.4527617313519, 146.9938357844182
514.0107350392101, 146.99881768080442
512.5685211674428, 147.00425146878243
511.12801100632475, 147.00557213540407
509.69084673421173, 146.99881511141228
508.2573329081151, 146.983245131139
506.7999603117322, 147.02527531767151
505.3728569390383, 146.9942291338504
504.2263927281803, 146.2856600793936
502.9240148765467, 145.95349985105761
501.4714888776477, 145.9838293162144
500.016894676385, 146.01915186356615
498.58149595574895, 146.00813242125267
497.14928518433715, 145.9894165886855
495.7079557167833, 145.99271523601496
494.2645937762612, 146.00092070715158
492.80299219825673, 146.0531605584708
491.5705932003842, 145.55205643230323
490.36682353903353, 144.98183497362373
488.9343133327435, 144.96384204080113
487.47599524514675, 145.008154845045
486.03256008201356, 145.01653709120146
484.5977164834797, 145.00417746558045
483.1620422643467, 144.99382313547508
481.7224614903252, 144.99290006316366
480.2809972918967, 144.99652397959977
478.83961767968833, 144.9999436868353
477.3988454832942, 145.0018969625745
475.95856636078895, 145.0026598526441
474.51866318426994, 145.00251512881445
473.07901882583496, 145.00174556285606
471.63951615758185, 145.00063392653945
470.2000380516079, 144.99946299163497
468.76046738001105, 144.9985155299131
467.3206870148885, 144.99807431314431
465.88057982833834, 144.99842211309902
464.4400286924579, 144.99984170154767
462.99891647934487, 145.00261585026075

607.000752012457, 156.9981844813267
607.344983539595, 156.99972602830974
607.6891683902896, 157.00138026219503
608.0334002966565, 157.00292089363805
608.3777729908113, 157.00412163329452
608.7223802048694, 157.00475619181987
609.0673156709463, 157.00459827986973
609.4126731211572, 157.00342160809961
609.7585462876182, 157.0009998871651
610.1050289024441, 156.99710682772184
610.4522146977508, 156.99151614042523
610.8001974056536, 156.984001535931
611.1490337404415, 156.97442609383347
611.4973534205993, 156.96609796635104
611.8419394004667, 156.96678378874728
612.1794519090498, 156.98454648145167
612.5065511753539, 157.0274489648937
612.819897428385, 157.1035541595028
613.116521462338, 157.22003036220397
613.3989520415632, 157.37077259580542
613.6739264785175, 157.5395155492
613.9482889782917, 157.70973584963448
614.2288837459761, 157.8649101243556
614.5225549866614, 157.98851500061008
614.8361469054381, 158.0640271056447
615.1752593925214, 158.07792710855375
615.5270047368906, 158.06132869607222
615.8643301573529, 158.07954305945512
616.1626636668275, 158.19189222316714
616.4265473466226, 158.3874106329126
616.677599973474, 158.61390594469418
616.9376572295891, 158.81866215838318
617.2273103070245, 158.9519677388518
617.5486340825935, 159.00881349035546
617.8895030208341, 159.0184730450595
618.2373741007943, 159.01122793425833
618.5791371874657, 159.01872882369364
618.9013491873717, 159.07343021195743
619.1929999579861, 159.20191293445882
619.4609683162109, 159.38757005814165
619.7201029237331, 159.5945537425768
619.9852890177442, 159.78692784625878
620.2697032269092, 159.93288117355712
620.5689710156133, 160.04297478768254
620.8684034414872, 160.15267093251984
621.1551986159933, 160.29287610100013
621.4313898154007, 160.458681529979
621.7056262675221, 160.62920613636612
621.986587702293, 160.78349519843422
622.2815772809585, 160.90391732525723
622.5837401272196, 161.00702165216435
622.8778929949306, 161.1294637779214
623.1513533644206, 161.30186201352245
623.4106211697402, 161.50852413002855
623.6707596060909, 161.71308435729205
623.9468715302706, 161.87908117360013
624.252497415697, 161.9738249843881
624.5850885230706, 162.00346899063788
624.9326226163763, 161.9970374375877
625.2829557225501, 161.98384846971098
625.6239438685271, 161.99322023148102
625.9434430812428, 162.05447086737124
626.2318005043992, 162.19090443397198
626.49277858284, 162.39343758591372
626.7346357830666, 162.64213262136505
626.9656338288502, 162.91704397474803
627.1940344439628, 163.1982260804849
627.4280993521754, 163.46573337299765
627.6760902772604, 163.69962028670864
627.9462689429884, 163.87994125603979
628.2452314817355, 163.9907718087515
628.5623791012874, 164.05769969275053
628.8769689265545, 164.1308026384024
629.1709056983586, 164.25376646582842
629.4466071506126, 164.42075424902646
629.715675800886, 164.6037550327228
629.9897572943935, 164.7746537422972
630.2790060189325, 164.90893551701168
630.5781619476431, 165.01929918505004
630.8728626104794, 165.14041881638568
631.1509045217841, 165.30175623160156
631.4169124437508, 165.49214626708695
631.6830536090688, 165.68221462466698
631.9615308281179, 165.84250111402235
632.2633324432298, 165.9464775300694
632.5868777213703, 165.99796009993702
632.9231565482244, 166.01870116380312
633.263062230146, 166.03068622497617
633.5974880734893, 166.05590078676482
633.9173273846084, 166.11633035247775
634.2155077472012, 166.22904924546827
634.4959597018535, 166.38456830134842
634.7663167878286, 166.56445852610008
635.0342153348934, 166.7502841888325
635.3072916728147, 166.92360955865493
635.5931821313604, 167.06599890467683
635.8995230402973, 167.1590164960075
636.2339507293926, 167.18422660175625
636.6041015284134, 167.1231934910324
637.0176117671272, 166.95748143294537

426.99377419193274, 211.99977648765065
426.8657572854518, 211.8982408056199
426.74059558792874, 211.79484565991316
426.61818763010575, 211.68966758671962
426.498431942724, 211.58278312222788
426.38122705652574, 211.47426880262702
426.2664715022526, 211.36420116410585
426.15406381064645, 211.2526567428533
426.0439025124489, 211.13971207505838
425.9358861384019, 211.02544369690986
425.8299132192474, 210.9099281445968
425.7258822857267, 210.79324195430786
425.623691868582, 210.67546166223227
425.52324049855497, 210.55666380455864
425.4244267063872, 210.43692491747592
425.3271490228208, 210.31632153717322
425.23130597859733, 210.1949301998393
425.1367961044588, 210.0728274416631
425.0435179311467, 209.95008979883343
424.9513699894031, 209.82679380753936
424.86025080996967, 209.70301600396968
424.770058923588, 209.5788329243133
424.68069286100035, 209.45432110475926
424.5920511529479, 209.32955708149623
424.50403233017295, 209.20461739071334
424.416534923417, 209.07957856859935
424.329457463422, 208.95451715134325
424.24269848092973, 208.82950967513392
424.15615650668167, 208.70463267616023
424.06973007142005, 208.57996269061113
423.98331770588646, 208.45557625467558
423.8968179408226, 208.33154990454233
423.8101293069703, 208.20796017640035
423.72315033507147, 208.08488360643867
423.6357795558678, 207.96239673084605
423.5479155001011, 207.84057608581148
423.4594566985131, 207.71949820752377
423.3703016818458, 207.599239632172
423.2803489808406, 207.4798768959448
423.1894971262394, 207.3614865350313
423.09764464878435, 207.2441450856204
423.00469007921697, 207.1279290839009
422.91053194827896, 207.0129150660618
422.81506878671206, 206.89917956829188
422.7181991252585, 206.78679912678024
422.61982149465956, 206.6758502777156
422.5198344256573, 206.56640955728693
422.4181364489934, 206.45855350168318
422.3146260954096, 206.35235864709318
422.209201895648, 206.24790152970593
422.10176238044994, 206.1452586857103
421.99220637784384, 206.04450637939013
421.8804987638901, 205.94566046593548
421.7667532896928, 205.8486006358983
421.6511040867432, 205.7531879394464
421.5336852865318, 205.65928342674746
421.4146310205498, 205.56674814796935
421.2940754202881, 205.4754431532798
421.17215261723754, 205.38522949284655
421.0489967428892, 205.2959682168373
420.9247419287339, 205.20752037542
420.7995223062627, 205.11974701876227
420.6734720069664, 205.03250919703189
420.5467251623361, 204.9456679603967
420.41941590386256, 204.85908435902437
420.2916783630368, 204.7726194430827
420.1636466713497, 204.6861342627395
420.0354549602924, 204.59948986816252
419.9072373613557, 204.51254730951948
419.7791280060305, 204.42516763697822
419.6512610258078, 204.3372119007064
419.5237705521785, 204.2485411508718
419.3967907166336, 204.15901643764235
419.2704556506639, 204.06849881118558
419.1448994857605, 203.97684932166945
419.0202563148164, 203.8839290824874
418.89660636878114, 203.7896874360211
418.7738689797883, 203.69433728625032
418.651933566553, 203.59814053706896
418.53068954779087, 203.50135909237102
418.4100263422171, 203.40425485605044
418.2898333685471, 203.3070897320011
418.1700000454961, 203.21012562411696
418.0504157917798, 203.11362443629204
417.93097002611336, 203.01784807242018
417.8115521672122, 202.92305843639545
417.69205163379166, 202.82951743211166
417.5723578445671, 202.7374869634628
417.45236021825394, 202.64722893434288
417.3319481735675, 202.55900524864575
417.21101112922315, 202.47307781026538
417.0894385039364, 202.38970852309575
416.96711971642253, 202.30915929103082
416.8439441853968, 202.2316920179645
416.7198013295748, 202.15756860779072
416.59458056767176, 202.08705096440337
416.46817131840317, 202.0204009916966
416.3404630004842, 201.95788059356408
416.2113450326303, 201.89975167389994
416.080706833557, 201.84627613659808

386.99600306293564, 205.99938728830693
386.9475166002224, 206.2145969216799
386.91565510203543, 206.42260577083712
386.8996072220158, 206.62376935596637
386.89856161380453, 206.81844319725536
386.91170693104317, 207.00698281489215
386.93823182737225, 207.18974372906422
386.9773249564333, 207.36708145995968
387.02817497186726, 207.53935152776614
387.08997052731536, 207.70690945267154
387.16190027641863, 207.87011075486362
387.2431528728182, 208.02931095453022
387.33291697015505, 208.1848655718591
387.4303812220705, 208.3371301270381
387.53473428220553, 208.486460140255
387.64516480420144, 208.63321113169775
387.7608614416991, 208.77773862155394
387.8810128483398, 208.92039813001153
388.0048076777646, 209.0615451772583
388.1314345836146, 209.20153528348203
388.26008221953083, 209.34072396887052
388.38993923915467, 209.4794667536117
388.520194296127, 209.6181191578932
388.6500360440888, 209.7570367019029
388.77865313668167, 209.8965749058287
388.9052342313198, 210.0370892882032
389.0291515750268, 210.17885484283843
389.15045232784144, 210.32185053817662
389.2693387018325, 210.46598733488133
389.38601290906905, 210.6111761936161
389.50067716162, 210.75732807504477
389.61353367155425, 210.90435393983074
389.72478465094116, 211.0521647486379
389.8346323118493, 211.20067146212983
389.94327886634795, 211.3497850409701
390.050926526506, 211.49941644582245
390.15777750439247, 211.6494766373505
390.26403401207625, 211.79987657621788
390.3698982616264, 211.95052722308824
390.47557246511207, 212.10133953862533
390.581258834602, 212.25222448349268
390.6871595821654, 212.40309301835399
390.79347691987107, 212.5538561038729
390.90041305978815, 212.70442470071313
391.0081702139856, 212.8547097695382
391.1169505945322, 213.0046222710118
391.22695641349725, 213.15407316579768
391.33838988294974, 213.30297341455937
391.4514532149584, 213.45123397796064
391.56634862159245, 213.59876581666504
391.68327831492076, 213.74547989133623
391.80244450701247, 213.89128716263792
391.9240494099364, 214.0360985912337
392.0482573424711, 214.17982467177345
392.1750362690751, 214.32237348413068
392.3042907471457, 214.46365232839526
392.43592530261327, 214.60356850427016
392.56984446140734, 214.74202931145817
392.70595274945833, 214.87894204966244
392.84415469269607, 215.0142140185857
392.98435481705064, 215.14775251793102
393.12645764845183, 215.27946484740121
393.2703677128298, 215.4092583066993
393.4159895361144, 215.53704019552805
393.5632276442359, 215.66271781359058
393.711986563124, 215.78619846058967
393.86217081870905, 215.90738943622839
394.0136849369206, 216.0261980402095
394.166433443689, 216.14253157223607
394.32032086494405, 216.25629733201086
394.47525172661585, 216.36740261923703
394.63113055463435, 216.47575473361724
394.78786187492955, 216.58126097485462
394.9453502134314, 216.68382864265197
395.1035000960701, 216.78336503671233
395.26221604877543, 216.8797774567385
395.4214025974775, 216.97297320243354
395.5809642681062, 217.0628595735002
395.7408055865915, 217.14934386964154
395.9008310788636, 217.23233339056048
396.0609468283648, 217.31179729296653
396.22107042952905, 217.38816189550843
396.3811246360498, 217.4620584181693
396.5410322259572, 217.53411904744806
396.70071597728156, 217.60497596984362
396.86009866805256, 217.67526137185465
397.0191030763003, 217.74560743998015
397.177651980055, 217.81664636071892
397.33566815734645, 217.8890103205698
397.49307438620474, 217.96333150603175
397.64979344465974, 218.0402421036034
397.8057481107417, 218.1203742997838
397.96086116248057, 218.20436028107179
398.1150553779063, 218.29283223396607
398.2682535350489, 218.38642234496564
398.4203784119384, 218.4857628005692
398.57135278660485, 218.5914857872758
398.7210994370783, 218.70422349158417
398.8695411413888, 218.82460809999324
399.01660067756626, 218.95327179900178

465.92388857494797, 225.03152638450817
465.9676979121397, 225.20775007083532
466.01925367444886, 225.3807650828193
466.0774790299104, 225.55101745886367
466.14129714656053, 225.71895323737274
466.20963119243487, 225.88501845675046
466.28140433556916, 226.04965915540078
466.3555397439993, 226.2133213717277
466.4309605857608, 226.3764511441352
466.5065900288895, 226.53949451102727
466.58135124142115, 226.70289751080793
466.6541673913914, 226.86710618188124
466.7239616468359, 227.03256656265097
466.7896571757907, 227.19972469152134
466.8501771462914, 227.36902660689626
466.90444472637364, 227.54091834717974
466.95138308407337, 227.7158459507758
466.989915387426, 227.89425545608827
467.0190109586087, 228.07657378385017
467.03911562473553, 228.2626162664242
467.05242734278374, 228.4514724802208
467.06124585556154, 228.64218984057902
467.0678709058767, 228.83381576283773
467.07460223653754, 229.02539766233602
467.0837395903516, 229.21598295441277
467.09758271012686, 229.4046190544069
467.1184313386717, 229.59035337765755
467.1485852187937, 229.77223333950352
467.1903415748042, 229.94930739847936
467.24476366080285, 230.1211351403168
467.30969501873085, 230.28860979919028
467.3824606459542, 230.45283939747057
467.46038553983846, 230.61493195752794
467.5407946977492, 230.77599550173292
467.6210131170524, 230.93713805245613
467.6983657951137, 231.099467632068
467.77054512565735, 231.26394008238447
467.8374294293173, 231.43060580464942
467.89970222082155, 231.5991816777922
467.95804827535835, 231.76938405864274
468.0131523681155, 231.94092930403113
468.0657313563873, 232.11352048194394
468.1168068146223, 232.28673444238913
468.167568713922, 232.4600782831981
468.2192087995407, 232.63305836732326
468.2729188167334, 232.80518105771736
468.3298136173753, 232.97598456761384
468.38975758953575, 233.1455250693131
468.45159870821493, 233.31427974719458
468.51415549627137, 233.48273798511363
468.5762464765642, 233.65138916692604
468.63669017195207, 233.82072267648724
468.69430510529355, 233.9912278976527
468.747916161789, 234.16339157890977
468.7968271482963, 234.33750209290008
468.84114623354105, 234.51351463467046
468.8810585738829, 234.69135250994552
468.91674932568145, 234.87093902445
468.9484036452964, 235.0521974839085
468.9762066890874, 235.2350511940456
469.0003436134144, 235.41942346058613
469.02099957463673, 235.6052375892547
469.0383597291144, 235.7924168857759
469.0526092332068, 235.98088465587443
469.06393324327377, 236.17056420527493
469.07251691567495, 236.36137883970213
469.07854540677005, 236.55325186488062
469.08220387291874, 236.74610658653503
469.0836774704807, 236.93986631039007
469.0831513558156, 237.13445434217044
469.08081068528315, 237.32979398760068
469.0768406152432, 237.5258085524056
469.0714263020551, 237.7224213423098
469.06475290207874, 237.91955566303787
469.0570055716737, 238.11713482031445
469.0483694671997, 238.31508211986434
469.0390297450165, 238.5133208674121
469.02917156148374, 238.71177436868246
469.0189800729611, 238.91036592940003
469.0086404358082, 239.10901885528943
468.9983378063848, 239.3076564520754
468.98825734105077, 239.5062020254826
468.97858419616534, 239.7045788812356
468.96950352808847, 239.90271032505916
468.96120049317994, 240.1005196626778
468.9538602477992, 240.2979301998163
468.94766794830616, 240.49486524219935
468.94280875106034, 240.69124809555154
468.9394678124214, 240.8870020655975
468.9378302887492, 241.08205045806193
468.93808133640334, 241.27631657866954
468.9404061117434, 241.46972373314483
468.94498977112914, 241.6621952272126
468.95201747092034, 241.85365436659754
468.9616743674766, 242.04402445702425
468.97414561715743, 242.23322880421728
468.98961637632294, 242.42119071390147
469.00827180133246, 242.6078334918014
469.0302970485456, 242.79308044364166
469.0558772743224, 242.97685487514704

552.9989085633741, 311.00263496110364
553.8870034642765, 310.99964998560637
554.7745184425277, 310.9980650672385
555.6615661814508, 310.9976081643932
556.548259364369, 310.99800723546343
557.4347106746058, 310.9989902388423
558.3210327954837, 311.0002851329226
559.2073384103262, 311.0016198760975
560.0937402024567, 311.00272242675993
560.9803508551978, 311.0033207433029
561.8672830518733, 311.0031427841194
562.7546494758058, 311.00191650760246
563.6425628103186, 310.9993698721451
564.5311021762762, 310.9953118630832
565.419837813931, 310.99078001222836
566.3079447778723, 310.9877659139783
567.194318821004, 310.9889354566492
568.0298369806901, 311.1128819628602
568.7349203613207, 311.551725881673
569.4362902721557, 311.9995349096306
570.1823264858751, 312.3395099433832
570.8971056049872, 312.75494627885735
571.5129865552691, 313.4091439148154
572.0757701691502, 314.1915298604376
572.6980971316251, 314.83016544633523
573.5072640245418, 315.0177295381679
574.4200421105351, 314.95515408246155
575.1978974112839, 315.21831104476433
575.83586601045, 315.8191843792238
576.6371324513575, 316.0258218494463
577.5397630273121, 315.98774465010007
578.3048102958967, 316.28182293736154
578.9680821293904, 316.82160886033654
579.7544285171082, 317.06426652532036
580.4723484008873, 317.47212038414034
581.1577748888432, 317.95842023984335
581.9820830817268, 318.109429999943
582.9266325290173, 317.97015169289733
583.8610358293132, 317.8553683515318
584.6570744234299, 318.07462696037777
585.3601568525231, 318.51830160352955
586.09894820395, 318.8757672820865
586.946523065782, 318.9706063344613
587.8092971260364, 319.0287512758675
588.675853426064, 319.0777650827174
589.5705423543276, 319.058860716934
590.4886009184269, 318.9835370593673
591.4066826666362, 318.9081574304075
592.3011406120702, 318.8898107065021
593.1483277678444, 318.98558576409846
593.9245981842682, 319.25256897563406
594.6382763029256, 319.6706633613388
595.410212195498, 319.94811103914196
596.2819249468835, 319.9846760711889
597.0992672694193, 320.15250292995853
597.7528858823531, 320.7155937889304
598.5076397806878, 321.03452247025035
599.393220039803, 321.03760837705954
600.2920471256152, 321.00871361520075
601.1857572448754, 320.9921723033901
602.074695903238, 320.9871503171892
602.960385603708, 320.98997200919547
603.8443488492902, 320.99696173200635
604.7281081429894, 321.00444383821923
605.6131027953019, 321.0089435249136
606.4998996021063, 321.00909242579144
607.388544335394, 321.0047800374919
608.2790757852528, 320.99591271245805
609.1715327417708, 320.98239680313327
610.0659461582046, 320.9641575817462
610.9139125915631, 321.05805129683034
611.583367839008, 321.58290913798186
612.2962960037412, 322.0028140726207
613.1736066777836, 322.0258645238702
614.0665868994437, 322.01108534074257
614.956434377898, 322.00386926874944
615.8450465386217, 321.9996355175753
616.7329423982624, 321.997131070191
617.6202439485112, 321.99606141260074
618.5070731444346, 321.9961321192297
619.3935519410986, 321.9970487645026
620.2798022935696, 321.99851692284483
621.1659461569136, 322.0002421686812
622.0521054861972, 322.0019300764367
622.9384022364864, 322.0032862205365
623.8249583628476, 322.0040161754056
624.711895820347, 322.003825515469
625.5996340967753, 322.0017015076129
626.4919258047562, 321.9885845435466
627.3916545644427, 321.9575129483895
628.2017761324464, 322.14277225067895
628.8321257310926, 322.7620394795267
629.4113302782304, 323.5047817853747
630.0903403515226, 324.0065722363804
630.9540249643433, 324.06251890943145
631.8937135633774, 323.93497572817137
632.7654884546765, 323.9713907411959
633.4527545063622, 324.4532494971931
634.1001287036784, 325.0314157090372
634.9973347670403, 325.0064344415607

571.000778298516, 228.00032238179887
570.0005206095132, 228.92131480327896
570.0541225897923, 230.2788301926262
569.5877262568952, 231.42095522818377
568.990932463922, 232.50906786866747
568.4052050522682, 233.601764343093
567.9728966073797, 234.75800906908609
567.2067009461148, 235.77595312212054
567.0029893879754, 237.0268857698661
566.7608629069789, 238.26190643919065
566.0180071675948, 239.28951698750757
565.5615486204734, 240.4357678811871
565.0017637636336, 241.53918703128198
564.3789512032632, 242.61656658808235
563.9499402904055, 243.7741669535653
564.0037330792726, 245.13155751052128
564.0527071464946, 246.488522002092
563.4370468867554, 247.5584840463854
562.9309196054686, 248.71066512355125
563.0305343493532, 250.04738853104234
562.9863020400743, 251.40135757367602
562.9754482794851, 252.7361835310447
563.7849936890359, 253.73804619106252
563.9962324929958, 254.98585451712324
564.2184308391668, 256.2290556993643
564.9717855117672, 257.2524032556471
565.4157391432076, 258.4037724505067
566.0422335746385, 259.4796031220011
565.9862950672514, 260.8380833793174
566.821205099511, 261.82756525142446
567.0299956441677, 263.07639437289833
566.9907832400987, 264.4279493299601
566.9989286763939, 265.7598879445658
567.0086655895847, 267.09116816602705
566.9880270405347, 268.43502933356626
566.9923165513596, 269.7685592001407
567.7568840213621, 270.78723356187953
568.1060991722139, 271.97773460739825
568.8903364310821, 272.98846786739927
569.1738373670689, 274.205459336801
570.126084311933, 275.14656816275266
571.087867117578, 276.0928406727596
572.0344407540617, 277.0223961628819
572.978439215668, 277.9607702988444
573.9188530825741, 278.9119181622401
574.8582229594435, 279.86836738809643
575.7990894509396, 280.8226456114411
576.7439931617262, 281.76728046730176
577.6954746964666, 282.6947995907062
578.6541084745198, 283.6027197452314
579.5984131156711, 284.5445235381071
580.4995066423866, 285.59304527341493
581.4428408676524, 286.54116419007255
582.5950855236108, 286.982536066781
583.6737049863284, 287.6018633016041
584.5966585173996, 288.5977662470588
585.5099765630266, 289.6164279002379
586.6804904323791, 290.014312752275
587.7232631762474, 290.72056715408513
588.9253681990971, 291.04215655733043
589.9132463404472, 291.88093844402044
590.8387783262697, 292.8702363633988
592.0665457314226, 293.12987380770545
593.0771786899461, 293.9137200777867
594.2580857445853, 294.28648832952223
595.3103781087316, 294.9697599191023
596.4434110775003, 295.4581064417361
597.5569458291554, 295.993525826509
598.6196403501754, 296.6516843847662
599.7985766513051, 297.02921046153284
601.1203483649632, 297.0619013477264
602.0371941112905, 298.07216999508796
603.0135547906755, 298.9387568894087
604.2238798436007, 299.2405037967564
605.2548417109615, 299.9752717768931
606.4430484762701, 300.33041702088707
607.3254004612454, 301.42396050245554
608.4215021436199, 302.0014685934303
609.5425605113087, 302.51871854594066
610.6667197999859, 303.02849659471656
611.7246709010865, 303.69813130339986
612.9022283035748, 304.078882339703
613.9145632727442, 304.85908758904816
615.1407355764322, 305.12094025952274
616.0744700415172, 306.09353572398805
617.0512955225206, 306.961687551576
618.2642061617319, 307.2285479859001
619.2350628924539, 308.14912216157995
620.1643428814879, 309.1420077774326
621.0919977075675, 310.11045804759516
622.0225846637592, 311.06018470876796
622.9606610431301, 311.9968994976517
623.9107841387467, 312.92631415094667
624.8775112436763, 313.85414040535363
625.8653996509852, 314.7860899975729
626.785785414821, 315.7582734752158
627.0331052838544, 316.97860099246594
626.9901437962676, 318.33347503744363
627.0018198280495, 319.66411619725625
626.9984931941484, 321.0006345862682

330.99902991711684, 335.00036241343946
331.93740930444443, 336.88643197473255
332.70475586282686, 338.8909555818557
335.01391587376645, 338.88153741326903
336.90544657380303, 339.9476763764095
338.67529312110406, 338.93860456027267
340.6695494266998, 338.29041301529867
342.8245803461126, 338.0127840709386
345.0900854720246, 337.99832894711443
347.35860718767583, 337.9974864142046
349.6288942102226, 338.00162608929566
351.8997146859087, 338.00300132372786
354.1705517510336, 338.0011918633212
356.44117757040175, 337.99873182721575
358.71145117906383, 337.9973811035005
360.9814269330487, 337.99712383881877
363.25118613492396, 337.9976991980114
365.52081008725696, 337.9988463459194
367.79038009261524, 338.00030444738366
370.05997745356626, 338.00181266724525
372.3296834726775, 338.00311017034494
374.5995794525165, 338.00393612152385
376.86974669565063, 338.0040296856228
379.1402665046473, 338.0031300274827
381.4112201820741, 338.0009763119446
383.68264104501, 337.99744147470585
385.95413155775736, 337.993599555102
388.2250666182623, 337.9911589873112
390.49481906609304, 337.9918339437235
392.76276174081806, 337.99733859672926
395.028267488188, 338.0093871024864
397.29301165391746, 338.023648712569
399.56749834202503, 338.01261395871774
401.8643474494738, 337.94321864230557
404.0293980507465, 338.2065798305661
405.937283550936, 339.05177705964775
408.2455787982346, 338.98636787248927
410.5196516788211, 339.0270007706368
412.7805423377238, 339.014545775776
415.0385282102135, 338.9819194360983
417.30388673156125, 338.96203829979464
419.5868953370383, 338.98781891505644
421.8951306870862, 339.08529540034573
424.1164284796324, 338.9753639739886
426.0654223889297, 338.18980396327413
427.8871350681698, 337.11240247777476
430.1528408621612, 337.10102593436227
431.9848002376452, 336.0430879046723
433.86553352851405, 335.10325303707685
436.0719667744749, 334.9495332657498
437.9267980530616, 333.9469869624909
440.2268971072932, 334.01939478761284
442.4893171218555, 334.0008416808793
444.7543574292933, 333.98864282680876
447.02557494432176, 333.99134402851644
449.30324198057343, 334.00957789217586
451.5775333212164, 334.019667578134
453.8361948307696, 333.9920887113903
456.0898582165881, 333.95247764083774
458.4246808808612, 334.10847927693646
460.4312724167939, 333.47297026830233
462.5244142538914, 333.0357167423491
464.31747006272184, 331.74989369181407
465.0415923068812, 329.79962322337946
466.77275399959, 328.24713430927363
467.02529655606605, 326.0806643584651
466.99612977037157, 323.7996988877539
466.9979876877565, 321.5299655241885
467.00194707672136, 319.259970049221
466.999080147765, 316.99143355667013
467.0395281375278, 314.70333462648534
465.99604101115676, 312.8659952021991
466.0291256549374, 310.58223468089506
465.57441402202335, 308.50046288457764
464.9900271842651, 306.47241410902893
464.3979110099097, 304.4475742282023
464.0728820341791, 302.3121051319082
462.98411459256016, 300.49298732381993
461.6624311748627, 298.7702186910696
460.9956536139652, 296.7751916377323
460.66007639043926, 294.62849149455445
460.0630013964429, 292.6760427947528
459.96137846313707, 290.37049116654816
461.0495776353382, 288.5401779888476
461.5512170089558, 286.48004966505283
462.3889334348496, 284.5577071524363
463.2123429093406, 282.6287225139286
465.0506731068359, 281.1200795075926
465.9824706930456, 279.23594118387877
466.6515385112172, 277.2429757716274
467.9903412161861, 275.5274238231305
469.07341415222123, 273.70594516496
469.42737762972683, 271.5824594657919
470.28454437733717, 269.6674073813847
471.17867710582436, 267.76766710832726
472.08349615643124, 265.8723532551057
473.0163337793424, 263.9886450745513
473.16973231856804, 261.7820826544904
473.9862423180698, 259.85018999464086
475.0007170101389, 258.00029699532394

409.0055110814495, 297.00212499854564
407.96639455161585, 297.9894317241875
407.0977724399202, 299.0494856153503
406.7067724019435, 300.2908213588801
405.75458302037646, 301.33654855419394
404.67368312461923, 302.3212122650986
403.5793642395212, 303.0071222554509
402.3955485713444, 303.58864533605293
401.16597876826097, 304.0419078124694
400.10632443515675, 304.90157128694153
399.0909896470709, 305.8736465532091
397.742589014806, 306.03858538574616
396.31112007084755, 306.0037204748301
394.8878405028839, 305.98865046463317
393.47100900330247, 305.9890977643576
392.0571723848755, 305.9967616530269
390.6438912121118, 306.00576721764816
389.22938402754977, 306.0118140217967
387.8118805186211, 306.01062829768006
386.38961037275783, 305.9979362775057
384.9608034010291, 305.9694644919508
383.546825438095, 305.9767922489892
382.396635246554, 306.6209577592406
381.1397234352547, 307.0074761534079
379.8063846323484, 307.20948314063
378.7140996534768, 307.9934455239146
377.3098507162573, 308.0242603252216
375.87248859658723, 307.975132823763
374.4758523719364, 308.02432632127477
373.0425763346373, 307.98506349280666
371.6155707728442, 307.96093893253953
370.44105817753723, 308.5463863125803
369.232840373059, 309.0504621218013
367.8005854259508, 309.0136644222643
366.37088876954294, 308.98304298273536
364.9558588862069, 308.98783026572517
363.5466768986462, 309.0067356180367
362.13452392956424, 309.0184683864734
360.71058110166445, 309.001737917838
359.27034085941006, 308.94566201040305
357.9455677379396, 309.1683483920062
356.85199617861736, 309.9492047205857
355.4636520136002, 310.01841702667605
354.04183195607567, 310.0068113790638
352.62167190187256, 309.9992133339842
351.20341147784444, 309.9962014018365
349.78672067681674, 309.99697887482415
348.3707838058716, 309.99957649604164
346.95476961936004, 310.00198746097
345.53784687163306, 310.00220496509
344.11918431704186, 309.9982222038827
342.7028648981848, 309.99989627274357
341.2903621872327, 310.01078468959207
339.84745930807105, 309.9482806080504
338.60621962814673, 310.3726345571387
337.4553807731903, 311.01523540391497
336.3252609635911, 311.70785645099124
335.0346839427384, 312.0130995224787
333.61441992430036, 312.005250485533
332.19573309852615, 312.0012091285069
330.77818984807936, 311.99992860654595
329.3613553879273, 312.00035925572735
327.9447949330373, 312.00145141212835
326.5280771468913, 312.0021637372776
325.1109770985572, 312.00195319986756
323.69358949554703, 312.0010484440585
322.2760365072616, 311.99974441287515
320.8584403031022, 311.9983360493425
319.44092305246977, 311.9971182964855
318.02360692476543, 311.99638609732904
316.60661408939, 311.9964343948978
315.1900667157447, 311.9975581322168
313.7740869732305, 312.000052252311
312.35879703124834, 312.00421169820515
310.9443188813308, 312.01033098351144
309.52811680117287, 312.0122883330508
308.09828927181354, 311.98135093833463
306.67029885916025, 311.95484873568546
305.487080097708, 312.5192775730507
304.2846768812599, 313.03739103897914
302.8638006920255, 313.028064090994
301.4120583639493, 312.9442196919986
300.0600857301905, 313.1012406421383
298.97754751466454, 313.9087338189459
297.594087458864, 313.98973740774875
296.4091727856925, 314.5500719520412
295.1983024866668, 315.04774407237613
293.7692115652762, 315.0185850066082
292.3409166536047, 314.9913476783005
290.92304935356583, 314.98928483141907
289.50973211520085, 314.9982068051405
288.0950873885513, 315.00392393864126
286.6732376236587, 314.9922465710979
285.26184167848027, 315.0058069568868
284.16259201110523, 315.77295511999404
282.86129197402494, 316.0523105402765
281.4047913811468, 315.9569786738626
280.29612356745685, 316.70138942040336
279.0237243621136, 317.0505176206288
277.996833868744, 317.99235628298106

541.9619082883646, 316.01755224040767
542.1005934367454, 315.5095826714075
542.1356146391383, 315.01791625548003
542.0764649115845, 314.553486950947
541.9326372701238, 314.12722871612993
541.713624730797, 313.75007550935027
541.4289203096446, 313.4329612889296
541.0880170227068, 313.18682001318945
540.7003545754284, 313.02119691784975
540.2747705613391, 312.9299524314313
539.8197223226043, 312.89704156585
539.3436612226307, 312.90626358842076
538.8550386248244, 312.94141776645887
538.3623058925916, 312.98630336727916
537.8738911704811, 313.0247631787878
537.3950482236429, 313.0465899313687
536.9246589876265, 313.0535194834436
536.4608436164355, 313.0487155493437
536.0017222640723, 313.0353418434004
535.5454150845404, 313.01656207994523
535.0900422318427, 312.9955399733094
534.6337238599825, 312.97543923782445
534.1745801229625, 312.95942358782156
533.7107311747859, 312.95065673763213
533.2402971694556, 312.95230240158764
532.7623253916688, 312.96865137406456
532.29619031553, 313.0287054957927
531.8803705901416, 313.1844075128456
531.5210636559332, 313.4347478882763
531.1772749345104, 313.7018020335945
530.8049670631293, 313.90294773710536
530.3950915515643, 314.0286104811097
529.9931586619588, 314.1830967929861
529.6269614257077, 314.42764224247463
529.272000200483, 314.7001525441657
528.8963761877424, 314.9210872131699
528.479171640183, 315.0387316859621
528.0276426179092, 315.072763666597
527.5533380959859, 315.05312307266314
527.067167438105, 315.0057027848779
526.5798825562363, 314.95539943380606
526.1022353623496, 314.9271096500126
525.6449777684143, 314.9457300640623
525.2188616863997, 315.03615730651995
524.8333432433581, 315.2205866049921
524.4758489956893, 315.4752867786892
524.1153860668371, 315.73812651575275
523.7223788055866, 315.9489178224979
523.3062977968622, 316.1089698957535
522.9115814697251, 316.27499253656106
522.5532335751896, 316.47093136728415
522.2051087333806, 316.67411600300943
521.8381868239605, 316.8586193941146
521.4234477265915, 316.9985144909777
520.9320958195594, 317.0680740585907
520.3779397206814, 317.0794906921028
519.8674968806253, 317.1274723867744
519.4905721742658, 317.2921486683351
519.2413006992971, 317.56947987834087
519.0940495111226, 317.93803465909633
519.0231856651473, 318.3763816529066
519.0030762167748, 318.8630895020761
519.0080882214099, 319.3767268489099
519.0125887344568, 319.8958623357129
518.9940245290829, 320.40054713682684
518.9577461615737, 320.8842649082745
518.9239511407261, 321.3476464164458
518.9129747312395, 321.79138874144996
518.9451521978135, 322.21618896339635
519.0408188051479, 322.62274416239416
519.2198937721486, 323.01182032931837
519.470464948806, 323.38945576889506
519.7268652812918, 323.7705923527921
519.9186139833271, 324.1709498089946
520.0130396193649, 324.5979867364622
520.0475261203542, 325.04385460569483
520.0575375659485, 325.50079041817605
520.0519755866715, 325.965903129927
520.0351450918384, 326.4371448050966
520.0113509907646, 326.9124675078336
519.984898192765, 327.3898233022868
519.9600916071545, 327.8671642526051
519.9412361432483, 328.3424424229372
519.9326367103617, 328.81360987743216
519.9385982178097, 329.2786186802384
519.9634255749073, 329.7354208955052
520.0114972302116, 330.1819400920419
520.0901569276745, 330.6149508317347
520.2106631792246, 331.0297107633429
520.3845425356502, 331.42137367463965
520.6233215477384, 331.78509335339805
520.9384216416622, 332.11608062875035
521.322506151131, 332.41972460342345
521.7279993868814, 332.72324835850753
522.1022205755676, 333.0566052926286
522.4197924365131, 333.4238663311442
522.7198199835527, 333.7679761074722
523.0507137132656, 334.0230580792441
523.4608841222317, 334.1232357040917
523.9987417070308, 334.0026324396466

293.99359065403115, 346.01517337407216
293.32970396281206, 346.0952367213349
292.810907132687, 345.7922531383531
292.3416094075001, 345.36418109820966
291.8410124577125, 345.0338618531112
291.26165073307965, 344.92661019810225
290.62674449102974, 344.9598715001125
289.9688110530713, 345.02375302282115
289.31378701491906, 345.03646123279793
288.66612071349124, 345.00795584126547
288.0258816168796, 344.96689399912935
287.3931391931757, 344.9419328572952
286.7683909384073, 344.96226587908734
286.17396083019577, 345.08443477348186
285.6527655612521, 345.38093261618684
285.16381651768927, 345.7430490649348
284.6292188756158, 345.98442895089295
284.0280992990443, 346.05907970681653
283.3878249532119, 346.03969428461306
282.736886834027, 346.0016112769212
282.0908149405819, 345.98425587297544
281.4493618546285, 345.9833358873652
280.8113259160665, 345.9919150423252
280.1755054647957, 346.0030570600911
279.5407543375752, 346.01032586321196
278.9064729127817, 346.0122114239504
278.27237237939676, 346.01000509042916
277.63816751554486, 346.00503056017476
277.0035730993508, 345.998611530714
276.36830390893886, 345.99207169957356
275.73207472243365, 345.9867347642801
275.0946003179598, 345.98392442236025
274.4555954736417, 345.98496437134065
273.814774967604, 345.99117830874815
273.17185357797115, 346.00388993210913
272.5269530517242, 346.02349678511115
271.8841041827334, 346.04150045115694
271.24951739528416, 346.0444422493796
270.6307957733751, 346.0150974822865
270.0577368500293, 345.8760592403165
269.55472004378305, 345.5548882938528
269.0556315526224, 345.18674118343534
268.4847857001081, 344.943014753537
267.8625141579327, 344.8838677465245
267.253553488269, 345.01801491222045
266.71627768220486, 345.3439331496431
266.22686150670717, 345.7361219466648
265.7070679225507, 345.98930434145143
265.12161458114673, 346.0392547544605
264.48845987196523, 345.9943028420226
263.8287370681275, 345.9723388423269
263.162409510342, 346.0242699456004
262.5073829457217, 346.0831983398557
261.881344444949, 346.07031313340775
261.29729330021, 345.93172161385723
260.75602396993713, 345.67840662464914
260.2563699259884, 345.33177475580135
259.7969948480914, 344.91330347560455
259.367760004032, 344.4481447439191
258.9456352942973, 343.9668234263407
258.51292899694903, 343.49247162296666
258.0691117823542, 343.02713403873355
257.61651753559823, 342.5693373527017
257.1574801417672, 342.11760824393224
256.69433348594646, 341.6704733914854
256.2294114532219, 341.22645947442214
255.7650479286791, 340.7840931718032
255.3035767974038, 340.34190116268906
254.8473319444818, 339.89841012614073
254.39864725499865, 339.4521467412187
253.95985661404012, 339.00163768698377
253.53329390669194, 338.54540964249657
253.12129301803978, 338.08198928681793
252.7261878331692, 337.60990329900824
252.35031223716612, 337.12767835812866
251.99646421744296, 336.6337289892749
251.67474540563646, 336.1247047346712
251.40106941508702, 335.59585062560967
251.19151073960577, 335.0423728153564
251.05899454707898, 334.46051092708143
250.9928784809605, 333.8542384063066
250.97184178316198, 333.23103287909504
250.97507089186138, 332.598104095779
250.9885383644105, 331.95920588374634
251.0027291654558, 331.31579406595824
251.00820973544677, 330.66928297272165
250.99554651483237, 330.0210869343433
250.9663842911675, 329.3755343627438
250.97477725785416, 328.75073959697664
251.0902626344886, 328.1688896776931
251.3619220061846, 327.6447916896103
251.68927308907934, 327.13929490544535
251.91909048860782, 326.59467524746464
252.1170646558639, 326.03948377035414
252.46659114013147, 325.54782970206475
252.92859993165501, 325.1029790909507
253.40917976364997, 324.6658210349092
253.81441936933217, 324.19724463183746
254.05040748191726, 323.6581389796329
254.02323283462084, 323.00939317619253

639.0010039276119, 333.00041377486014
638.0261935743985, 333.7788856722309
638.0381002276888, 334.96603228131534
637.8775762859781, 336.08177092302856
637.0933463850496, 336.9395562596185
636.9945569605859, 338.07986561626467
636.8726739274688, 339.2128928827371
636.0049179838902, 340.0395148854778
635.1109118780304, 340.8368740428443
634.3067777871312, 341.69622295407623
633.5098461441669, 342.6058385320326
632.4940721019132, 343.0423829542932
631.2964857694159, 343.0163776221511
630.1142485965896, 342.99271886361987
628.9383580548582, 342.9839540487757
627.75717761841, 342.9879122627003
626.5711725856977, 342.999309672827
625.3833660035618, 343.0122045242859
624.196780918843, 343.0206550622071
623.0144403783818, 343.0187195317206
621.839360363645, 343.0004721039518
620.6703787129203, 342.96940486514126
619.4951159114645, 342.9542948365164
618.2993294217357, 342.9881184623062
617.0775108028192, 343.0830155245561
615.8997924705224, 343.0706717702548
614.8741420830415, 342.6925256310467
613.9387161084832, 342.0978170237634
612.8095072088657, 341.9693313975266
611.6174077632782, 341.9930459160709
610.4257394712797, 342.01594436564966
609.2473489164523, 342.0066767717195
608.0723847060781, 341.9890819851201
606.8918673326438, 341.9849014144263
605.7061011578159, 341.9934102035663
604.518146006776, 342.0072154821565
603.3310621456895, 342.018923312665
602.1479098407223, 342.02113975756043
600.9717493288828, 342.0064709497225
599.8025700231913, 341.97493886788
598.6288494902398, 341.95436587230984
597.4363682276937, 341.9790875742841
596.2162066045979, 342.07064349553235
595.027878705226, 342.0853457616396
593.9784254314072, 341.7647570953962
593.0512428028053, 341.14905328289166
591.9479482960754, 340.9585346690382
590.7474579221769, 341.00202387266796
589.561609921135, 341.0116447310822
588.3856815036505, 340.9965427712775
587.2035692625795, 340.9935806082457
586.0183841186216, 341.0042939626703
584.8387680796018, 341.006757804424
583.6466412600043, 340.97536945962906
582.4805648819606, 341.0190653369377
581.4717044230621, 341.43949089205904
580.4949209465725, 341.9331043124082
579.385102230735, 342.1073818272911
578.1893693004428, 342.0754374651378
576.969165906612, 341.98449781560083
575.7723108292485, 341.9491843855354
574.595362420931, 341.9614504947235
573.4231262726536, 341.98512022222155
572.2478980661642, 342.00183121669744
571.0698057438259, 342.0118484738401
569.8893458039563, 342.0163135203952
568.7070147448738, 342.01636788310816
567.5233090648961, 342.01315308872483
566.3387252623415, 342.0078106639906
565.1537598355279, 342.00148213565103
563.9689092827733, 341.99530903045184
562.7846701023958, 341.9904328751386
561.6015387927133, 341.9879951964567
560.4200118520439, 341.9891375211521
559.2404784235085, 341.994771102412
558.0619554971632, 342.00286396778785
556.8825120480612, 342.0093506821442
555.700198176306, 342.0101253241636
554.5130639820004, 342.0010819725287
553.3191595652474, 341.97811470592194
552.1561408639233, 342.0189752948322
551.272427647124, 342.6702913489202
550.2093302201195, 343.13296833473805
549.0379251918383, 342.8909029535383
548.1492388997347, 342.2174166837314
547.1118925322012, 341.8994239919705
546.1885060567118, 341.2610673942946
545.1470858426129, 340.92472437483514
544.2510215514577, 340.2345365485387
543.1708159645112, 339.986985674086
542.0126888245953, 339.9290941313664
541.1242525501748, 339.21977262465185
540.0825022796221, 338.8805488276581
539.1638609285202, 338.2441851991802
538.1177647034087, 337.91550680693473
537.2151954339844, 337.24032361193997
536.1600783409742, 336.9334262185865
534.9348627956898, 337.0371815164889
533.8008225463539, 336.92081985370356
532.9994177935968, 336.00140559279845

302.05501137812644, 342.1328092151577
302.23488164452715, 342.1079045111364
302.4154224208317, 342.084618561219
302.59661761732303, 342.0629125213914
302.7784511442831, 342.0427475476391
302.9609069119947, 342.0240847959481
303.1439688307403, 342.0068854223042
303.32762081080216, 341.9911105826929
303.511846762463, 341.9767214331
303.6966305960052, 341.9636791295115
303.8819562217114, 341.9519448279131
304.06780754986386, 341.9414796842903
304.25416849074514, 341.93224485462906
304.4410229546378, 341.9242014949151
304.6283548518242, 341.91731076113416
304.816148092587, 341.9115338092721
305.00438658720833, 341.90683179531436
305.19305424597127, 341.90316587524717
305.3821349791576, 341.90049720505584
305.57161269705034, 341.8987869407265
305.7614713099317, 341.8979962382446
305.95169472808436, 341.89808625359603
306.14226686179063, 341.8990181427666
306.333171621333, 341.90075306174197
306.52439291699415, 341.90325216650797
306.71591465905624, 341.9064766130503
306.90772075780205, 341.9103875573548
307.09979512351396, 341.9149461554071
307.2921216664744, 341.920113563193
307.48468429696584, 341.9258509366983
307.67746692527095, 341.93211943190875
307.87045346167196, 341.93888020481006
308.06362781645157, 341.94609441138806
308.2569738998921, 341.9537232076285
308.4504756222762, 341.961727749517
308.644116893886, 341.9700691930394
308.83788162500446, 341.97870869418153
309.0317537259138, 341.98760740892914
309.22571710689647, 341.99672649326783
309.419755678235, 342.0060271031835
309.6138533502121, 342.0154703946619
309.80799403311, 342.0250175236888
310.0021616372111, 342.0346296462498
310.19634007279814, 342.04426791833083
310.39051325015345, 342.0538934959176
310.58466507955944, 342.06346753499577
310.7787794712988, 342.0729511915512
310.9728403356539, 342.08230562156973
311.1668304714878, 342.09148929783277
311.3607202719381, 342.1004307430524
311.5544723641806, 342.1090397312488
311.74804925623107, 342.1172257487657
311.94141345610575, 342.1248982819471
312.1345274718208, 342.13196681713714
312.3273538113923, 342.13834084067986
312.5198549828362, 342.14392983891906
312.7119934941688, 342.1486432981989
312.90373185340616, 342.15239070486336
313.0950325685644, 342.1550815452565
313.28585814765955, 342.1566253057223
313.47617109870777, 342.15693147260475
313.6659339297251, 342.1559095322478
313.8551091487279, 342.1534689709955
314.0436592637319, 342.14951927519184
314.2315467827536, 342.143969931181
314.41873421380876, 342.1367304253068
314.6051840649137, 342.1277102439132
314.7908588440845, 342.1168188733444
314.97572105933716, 342.1039657999444
315.1597332186879, 342.089060510057
315.34285783015275, 342.07201249002634
315.525057401748, 342.0527312261965
315.7062944414895, 342.0311262049114
315.8865314573935, 342.00710691251504
316.06573095747615, 341.9805828353514
316.2438554497534, 341.95146345976457
316.4208674422415, 341.91965827209856
316.5967294429565, 341.8850767586973
316.77140395991455, 341.8476284059049
316.9448535011317, 341.8072227000653
317.11704057462407, 341.7637691275225
317.28792768840793, 341.7171771746206
317.45747735049906, 341.66735632770343
317.62565206891395, 341.61421607311524
317.7924143516683, 341.55766589719974
317.95772670677854, 341.4976152863012
318.12155164226067, 341.4339737267635
318.2838516661308, 341.36665070493075
318.44458928640495, 341.29555570714683
318.6037270110994, 341.22059821975586
318.76122734823014, 341.14168772910176
318.91705280581334, 341.0587337215286
319.07116589186506, 340.97164568338036
319.22352911440146, 340.88033310100104
319.3741049814386, 340.7847054607347
319.52285600099265, 340.6846722489253
319.6697446810795, 340.58014295191674
319.8147335297156, 340.47102705605334
319.9577850549168, 340.35723404767873
320.0988617646994, 340.2386734131373

